trial,testing,parameters,initial_deadline,final_deadline,net_reward,actions,success
1,False,"{'a': 0.5, 'e': 0.9950124791926823}",20,0,-151.8831784416053,"{0: 12, 1: 3, 2: 1, 3: 1, 4: 3}",0
2,False,"{'a': 0.5, 'e': 0.9900498337491681}",25,0,-93.1050845208689,"{0: 14, 1: 5, 2: 5, 3: 0, 4: 1}",0
3,False,"{'a': 0.5, 'e': 0.9851119396030626}",25,0,-44.89764081709433,"{0: 20, 1: 2, 2: 2, 3: 0, 4: 1}",0
4,False,"{'a': 0.5, 'e': 0.9801986733067553}",25,0,-131.46223223713235,"{0: 15, 1: 3, 2: 4, 3: 1, 4: 2}",0
5,False,"{'a': 0.5, 'e': 0.9753099120283326}",20,0,-60.31717484333639,"{0: 17, 1: 1, 2: 0, 3: 0, 4: 2}",1
6,False,"{'a': 0.5, 'e': 0.9704455335485082}",20,0,-130.5952536634212,"{0: 12, 1: 1, 2: 4, 3: 1, 4: 2}",0
7,False,"{'a': 0.5, 'e': 0.9656054162575665}",20,0,-145.3960053173197,"{0: 10, 1: 2, 2: 6, 3: 0, 4: 2}",0
8,False,"{'a': 0.5, 'e': 0.9607894391523232}",25,0,-86.13993757732709,"{0: 17, 1: 1, 2: 6, 3: 0, 4: 1}",0
9,False,"{'a': 0.5, 'e': 0.9559974818331}",20,0,-102.76713397302875,"{0: 9, 1: 5, 2: 5, 3: 0, 4: 1}",0
10,False,"{'a': 0.5, 'e': 0.951229424500714}",30,0,-85.16421111128086,"{0: 19, 1: 2, 2: 9, 3: 0, 4: 0}",0
11,False,"{'a': 0.5, 'e': 0.9464851479534838}",30,0,-224.6388758566914,"{0: 14, 1: 5, 2: 6, 3: 2, 4: 3}",0
12,False,"{'a': 0.5, 'e': 0.9417645335842487}",30,0,-113.75955765660821,"{0: 20, 1: 1, 2: 8, 3: 0, 4: 1}",0
13,False,"{'a': 0.5, 'e': 0.9370674633774034}",25,0,-131.8171436966435,"{0: 14, 1: 0, 2: 9, 3: 1, 4: 1}",0
14,False,"{'a': 0.5, 'e': 0.9323938199059483}",20,0,-11.900603870304078,"{0: 16, 1: 3, 2: 1, 3: 0, 4: 0}",0
15,False,"{'a': 0.5, 'e': 0.9277434863285529}",20,0,-167.55060303141394,"{0: 12, 1: 2, 2: 1, 3: 2, 4: 3}",0
16,False,"{'a': 0.5, 'e': 0.9231163463866358}",20,0,-14.563752599882601,"{0: 18, 1: 0, 2: 0, 3: 2, 4: 0}",0
17,False,"{'a': 0.5, 'e': 0.9185122844014574}",25,0,-69.47272676225967,"{0: 18, 1: 2, 2: 4, 3: 0, 4: 1}",0
18,False,"{'a': 0.5, 'e': 0.9139311852712282}",20,0,-84.02937257225217,"{0: 10, 1: 6, 2: 3, 3: 0, 4: 1}",0
19,False,"{'a': 0.5, 'e': 0.9093729344682314}",25,0,-54.64864790971532,"{0: 15, 1: 6, 2: 3, 3: 1, 4: 0}",0
20,False,"{'a': 0.5, 'e': 0.9048374180359595}",20,0,-135.3440163911617,"{0: 11, 1: 2, 2: 4, 3: 1, 4: 2}",0
21,False,"{'a': 0.5, 'e': 0.9003245225862656}",25,0,-36.5525055762059,"{0: 19, 1: 2, 2: 3, 3: 1, 4: 0}",0
22,False,"{'a': 0.5, 'e': 0.8958341352965282}",25,17,-8.309666644956845,"{0: 6, 1: 0, 2: 2, 3: 0, 4: 0}",1
23,False,"{'a': 0.5, 'e': 0.8913661439068313}",25,0,-91.54200284500955,"{0: 17, 1: 1, 2: 6, 3: 0, 4: 1}",0
24,False,"{'a': 0.5, 'e': 0.8869204367171575}",25,0,-72.67815948256586,"{0: 17, 1: 0, 2: 7, 3: 1, 4: 0}",0
25,False,"{'a': 0.5, 'e': 0.8824969025845955}",20,0,-75.88607524855217,"{0: 13, 1: 1, 2: 5, 3: 0, 4: 1}",0
26,False,"{'a': 0.5, 'e': 0.8780954309205613}",35,7,-134.06415851494734,"{0: 20, 1: 2, 2: 3, 3: 0, 4: 3}",1
27,False,"{'a': 0.5, 'e': 0.8737159116880344}",25,0,-100.89997818196919,"{0: 18, 1: 1, 2: 3, 3: 2, 4: 1}",0
28,False,"{'a': 0.5, 'e': 0.8693582353988059}",35,0,-206.31138041595688,"{0: 23, 1: 3, 2: 4, 3: 1, 4: 4}",0
29,False,"{'a': 0.5, 'e': 0.8650222931107413}",25,0,-61.01467742930255,"{0: 16, 1: 2, 2: 7, 3: 0, 4: 0}",0
30,False,"{'a': 0.5, 'e': 0.8607079764250578}",20,0,-101.22030546237983,"{0: 14, 1: 1, 2: 3, 3: 0, 4: 2}",0
31,False,"{'a': 0.5, 'e': 0.8564151774836135}",25,0,-98.98413771355483,"{0: 15, 1: 4, 2: 4, 3: 1, 4: 1}",0
32,False,"{'a': 0.5, 'e': 0.8521437889662113}",25,0,-34.29309749186909,"{0: 18, 1: 4, 2: 2, 3: 1, 4: 0}",1
33,False,"{'a': 0.5, 'e': 0.8478937040879159}",30,0,-203.22989000782115,"{0: 20, 1: 1, 2: 4, 3: 1, 4: 4}",0
34,False,"{'a': 0.5, 'e': 0.8436648165963837}",25,0,-47.93878151000976,"{0: 19, 1: 0, 2: 5, 3: 1, 4: 0}",0
35,False,"{'a': 0.5, 'e': 0.8394570207692074}",25,0,-183.02023863414908,"{0: 14, 1: 0, 2: 8, 3: 0, 4: 3}",0
36,False,"{'a': 0.5, 'e': 0.835270211411272}",20,12,-9.841685866283724,"{0: 6, 1: 0, 2: 2, 3: 0, 4: 0}",1
37,False,"{'a': 0.5, 'e': 0.8311042838521256}",20,0,-85.73553687751897,"{0: 14, 1: 0, 2: 4, 3: 1, 4: 1}",0
38,False,"{'a': 0.5, 'e': 0.8269591339433623}",20,0,-107.68712188875075,"{0: 10, 1: 2, 2: 7, 3: 0, 4: 1}",0
39,False,"{'a': 0.5, 'e': 0.8228346580560184}",25,0,-13.627587147622927,"{0: 20, 1: 2, 2: 3, 3: 0, 4: 0}",0
40,False,"{'a': 0.5, 'e': 0.8187307530779818}",30,3,-123.69771847281382,"{0: 18, 1: 3, 2: 3, 3: 1, 4: 2}",1
41,False,"{'a': 0.5, 'e': 0.8146473164114145}",20,0,-141.70105839290594,"{0: 10, 1: 3, 2: 4, 3: 1, 4: 2}",0
42,False,"{'a': 0.5, 'e': 0.8105842459701871}",20,0,-68.63763120066919,"{0: 12, 1: 2, 2: 5, 3: 1, 4: 0}",0
43,False,"{'a': 0.5, 'e': 0.8065414401773269}",20,0,-83.06227300948407,"{0: 12, 1: 2, 2: 5, 3: 0, 4: 1}",0
44,False,"{'a': 0.5, 'e': 0.8025187979624785}",30,0,-95.31983464621672,"{0: 19, 1: 5, 2: 4, 3: 1, 4: 1}",0
45,False,"{'a': 0.5, 'e': 0.7985162187593771}",20,0,-77.7392890388325,"{0: 13, 1: 1, 2: 5, 3: 0, 4: 1}",0
46,False,"{'a': 0.5, 'e': 0.794533602503334}",20,0,-92.87452115552792,"{0: 12, 1: 1, 2: 6, 3: 0, 4: 1}",0
47,False,"{'a': 0.5, 'e': 0.7905708496287356}",20,0,-23.27280045195429,"{0: 16, 1: 2, 2: 1, 3: 1, 4: 0}",0
48,False,"{'a': 0.5, 'e': 0.7866278610665535}",20,0,-104.15407107184801,"{0: 14, 1: 0, 2: 4, 3: 0, 4: 2}",0
49,False,"{'a': 0.5, 'e': 0.7827045382418681}",20,0,-102.51616462707378,"{0: 13, 1: 3, 2: 2, 3: 0, 4: 2}",0
50,False,"{'a': 0.5, 'e': 0.7788007830714049}",30,0,-92.67559196137562,"{0: 20, 1: 3, 2: 6, 3: 0, 4: 1}",0
51,False,"{'a': 0.5, 'e': 0.774916497961081}",20,1,-151.21662026907032,"{0: 11, 1: 0, 2: 5, 3: 0, 4: 3}",1
52,False,"{'a': 0.5, 'e': 0.7710515858035663}",25,0,-83.75258910286654,"{0: 16, 1: 5, 2: 3, 3: 0, 4: 1}",0
53,False,"{'a': 0.5, 'e': 0.7672059499758557}",30,0,-180.01232504562807,"{0: 21, 1: 2, 2: 3, 3: 0, 4: 4}",0
54,False,"{'a': 0.5, 'e': 0.7633794943368531}",20,4,-18.565921417869035,"{0: 13, 1: 0, 2: 2, 3: 1, 4: 0}",1
55,False,"{'a': 0.5, 'e': 0.7595721232249685}",20,0,-49.978056942498945,"{0: 13, 1: 0, 2: 7, 3: 0, 4: 0}",0
56,False,"{'a': 0.5, 'e': 0.7557837414557255}",35,7,-140.02882089225318,"{0: 17, 1: 1, 2: 8, 3: 0, 4: 2}",1
57,False,"{'a': 0.5, 'e': 0.7520142543193826}",25,0,-95.83239150104835,"{0: 15, 1: 3, 2: 6, 3: 0, 4: 1}",0
58,False,"{'a': 0.5, 'e': 0.7482635675785653}",20,0,-102.46823078363147,"{0: 11, 1: 2, 2: 5, 3: 1, 4: 1}",1
59,False,"{'a': 0.5, 'e': 0.7445315874659094}",25,0,-119.40618494744452,"{0: 18, 1: 2, 2: 1, 3: 2, 4: 2}",0
60,False,"{'a': 0.5, 'e': 0.7408182206817179}",20,0,-43.560009010658284,"{0: 14, 1: 2, 2: 3, 3: 1, 4: 0}",0
61,False,"{'a': 0.5, 'e': 0.7371233743916278}",20,0,-18.83811729641902,"{0: 15, 1: 2, 2: 3, 3: 0, 4: 0}",0
62,False,"{'a': 0.5, 'e': 0.7334469562242892}",20,0,16.55832354753624,"{0: 19, 1: 0, 2: 1, 3: 0, 4: 0}",0
63,False,"{'a': 0.5, 'e': 0.7297888742690568}",25,2,-151.4056919830996,"{0: 13, 1: 2, 2: 4, 3: 2, 4: 2}",1
64,False,"{'a': 0.5, 'e': 0.7261490370736909}",25,0,-184.28160365594889,"{0: 14, 1: 3, 2: 4, 3: 1, 4: 3}",0
65,False,"{'a': 0.5, 'e': 0.7225273536420722}",30,0,-123.8655943601835,"{0: 20, 1: 2, 2: 6, 3: 0, 4: 2}",0
66,False,"{'a': 0.5, 'e': 0.7189237334319262}",30,0,-72.14729733179222,"{0: 20, 1: 2, 2: 7, 3: 1, 4: 0}",0
67,False,"{'a': 0.5, 'e': 0.7153380863525599}",30,0,-125.85592182312624,"{0: 21, 1: 1, 2: 5, 3: 1, 4: 2}",0
68,False,"{'a': 0.5, 'e': 0.7117703227626097}",20,0,-88.43351488554917,"{0: 11, 1: 3, 2: 3, 3: 3, 4: 0}",0
69,False,"{'a': 0.5, 'e': 0.7082203534678}",20,0,-46.538224134997776,"{0: 11, 1: 6, 2: 3, 3: 0, 4: 0}",0
70,False,"{'a': 0.5, 'e': 0.7046880897187134}",25,1,-69.10223592388081,"{0: 20, 1: 1, 2: 1, 3: 0, 4: 2}",1
71,False,"{'a': 0.5, 'e': 0.7011734432085724}",30,13,-31.68846788558523,"{0: 14, 1: 1, 2: 1, 3: 0, 4: 1}",1
72,False,"{'a': 0.5, 'e': 0.697676326071031}",20,4,-48.223671558840216,"{0: 12, 1: 0, 2: 3, 3: 0, 4: 1}",1
73,False,"{'a': 0.5, 'e': 0.6941966508779789}",25,0,-183.75642726193772,"{0: 15, 1: 1, 2: 4, 3: 2, 4: 3}",0
74,False,"{'a': 0.5, 'e': 0.6907343306373547}",25,0,-28.77152172394013,"{0: 20, 1: 1, 2: 3, 3: 1, 4: 0}",0
75,False,"{'a': 0.5, 'e': 0.6872892787909722}",20,0,-161.11717133822552,"{0: 11, 1: 3, 2: 2, 3: 1, 4: 3}",0
76,False,"{'a': 0.5, 'e': 0.6838614092123558}",25,1,-92.29825021034229,"{0: 15, 1: 2, 2: 6, 3: 0, 4: 1}",1
77,False,"{'a': 0.5, 'e': 0.6804506362045877}",25,0,-138.75431356093728,"{0: 14, 1: 3, 2: 6, 3: 0, 4: 2}",0
78,False,"{'a': 0.5, 'e': 0.6770568744981647}",35,0,-139.28981450207976,"{0: 23, 1: 1, 2: 8, 3: 2, 4: 1}",0
79,False,"{'a': 0.5, 'e': 0.6736800392488677}",20,0,-55.53947477594531,"{0: 15, 1: 1, 2: 3, 3: 0, 4: 1}",0
80,False,"{'a': 0.5, 'e': 0.6703200460356393}",20,0,-107.3578224525991,"{0: 11, 1: 2, 2: 5, 3: 1, 4: 1}",0
81,False,"{'a': 0.5, 'e': 0.6669768108584744}",35,0,-72.94505910293122,"{0: 30, 1: 1, 2: 2, 3: 0, 4: 2}",0
82,False,"{'a': 0.5, 'e': 0.6636502501363194}",20,0,-24.15619211821056,"{0: 16, 1: 1, 2: 2, 3: 1, 4: 0}",0
83,False,"{'a': 0.5, 'e': 0.6603402807049829}",25,0,-59.330186863395404,"{0: 16, 1: 3, 2: 5, 3: 1, 4: 0}",0
84,False,"{'a': 0.5, 'e': 0.6570468198150567}",30,13,-33.624346978636126,"{0: 14, 1: 1, 2: 1, 3: 0, 4: 1}",1
85,False,"{'a': 0.5, 'e': 0.6537697851298473}",20,0,-36.44218645995808,"{0: 17, 1: 1, 2: 1, 3: 0, 4: 1}",0
86,False,"{'a': 0.5, 'e': 0.6505090947233165}",20,0,-55.700088157826585,"{0: 13, 1: 2, 2: 4, 3: 1, 4: 0}",0
87,False,"{'a': 0.5, 'e': 0.6472646670780347}",25,0,-156.78003818808162,"{0: 13, 1: 2, 2: 8, 3: 0, 4: 2}",0
88,False,"{'a': 0.5, 'e': 0.6440364210831414}",25,5,-43.385500478102415,"{0: 13, 1: 2, 2: 5, 3: 0, 4: 0}",1
89,False,"{'a': 0.5, 'e': 0.6408242760323187}",25,0,-18.766025464693843,"{0: 20, 1: 1, 2: 4, 3: 0, 4: 0}",0
90,False,"{'a': 0.5, 'e': 0.6376281516217733}",20,0,-33.03596598571533,"{0: 17, 1: 1, 2: 1, 3: 0, 4: 1}",0
91,False,"{'a': 0.5, 'e': 0.6344479679482282}",25,0,-51.371798632185076,"{0: 20, 1: 0, 2: 4, 3: 0, 4: 1}",0
92,False,"{'a': 0.5, 'e': 0.631283645506926}",25,0,-51.37339892273139,"{0: 18, 1: 1, 2: 5, 3: 1, 4: 0}",0
93,False,"{'a': 0.5, 'e': 0.6281351051896408}",20,0,-95.40579165693427,"{0: 15, 1: 0, 2: 3, 3: 0, 4: 2}",0
94,False,"{'a': 0.5, 'e': 0.6250022682827008}",35,3,-96.46830661145604,"{0: 22, 1: 0, 2: 7, 3: 3, 4: 0}",1
95,False,"{'a': 0.5, 'e': 0.62188505646502}",30,9,-96.9455526911198,"{0: 12, 1: 2, 2: 6, 3: 0, 4: 1}",1
96,False,"{'a': 0.5, 'e': 0.6187833918061408}",25,0,-50.894666051755806,"{0: 18, 1: 4, 2: 2, 3: 0, 4: 1}",0
97,False,"{'a': 0.5, 'e': 0.6156971967642851}",25,0,-58.22964002295295,"{0: 18, 1: 1, 2: 4, 3: 2, 4: 0}",0
98,False,"{'a': 0.5, 'e': 0.6126263941844161}",30,0,-59.0192234302843,"{0: 23, 1: 2, 2: 3, 3: 2, 4: 0}",0
99,False,"{'a': 0.5, 'e': 0.6095709072963093}",25,7,-38.075554020833984,"{0: 15, 1: 0, 2: 2, 3: 0, 4: 1}",1
100,False,"{'a': 0.5, 'e': 0.6065306597126334}",30,0,-71.48525542414914,"{0: 25, 1: 1, 2: 2, 3: 0, 4: 2}",0
101,False,"{'a': 0.5, 'e': 0.6035055754270405}",35,0,-136.8728800787826,"{0: 21, 1: 2, 2: 11, 3: 0, 4: 1}",0
102,False,"{'a': 0.5, 'e': 0.6004955788122659}",20,0,-3.4389892605494308,"{0: 16, 1: 2, 2: 2, 3: 0, 4: 0}",0
103,False,"{'a': 0.5, 'e': 0.5975005946182375}",20,0,-114.10854448674569,"{0: 13, 1: 1, 2: 4, 3: 0, 4: 2}",0
104,False,"{'a': 0.5, 'e': 0.5945205479701944}",20,0,-110.68279922726744,"{0: 16, 1: 0, 2: 1, 3: 0, 4: 3}",0
105,False,"{'a': 0.5, 'e': 0.5915553643668151}",20,0,-127.02638403484352,"{0: 10, 1: 4, 2: 4, 3: 0, 4: 2}",0
106,False,"{'a': 0.5, 'e': 0.5886049696783552}",25,0,-109.74990472861185,"{0: 18, 1: 2, 2: 2, 3: 1, 4: 2}",0
107,False,"{'a': 0.5, 'e': 0.5856692901447937}",25,0,-60.85562014683799,"{0: 19, 1: 3, 2: 1, 3: 1, 4: 1}",0
108,False,"{'a': 0.5, 'e': 0.5827482523739896}",20,6,-54.693449245868955,"{0: 10, 1: 0, 2: 3, 3: 0, 4: 1}",1
109,False,"{'a': 0.5, 'e': 0.5798417833398464}",20,11,5.9672845829143215,"{0: 8, 1: 0, 2: 1, 3: 0, 4: 0}",1
110,False,"{'a': 0.5, 'e': 0.5769498103804866}",20,0,-68.81254592388689,"{0: 15, 1: 1, 2: 2, 3: 1, 4: 1}",0
111,False,"{'a': 0.5, 'e': 0.574072261196436}",25,10,-12.725220250170096,"{0: 11, 1: 2, 2: 2, 3: 0, 4: 0}",1
112,False,"{'a': 0.5, 'e': 0.5712090638488149}",25,5,-130.03070597705235,"{0: 14, 1: 0, 2: 3, 3: 0, 4: 3}",1
113,False,"{'a': 0.5, 'e': 0.5683601467575404}",20,7,-30.318507979950358,"{0: 11, 1: 1, 2: 0, 3: 0, 4: 1}",1
114,False,"{'a': 0.5, 'e': 0.5655254386995371}",35,20,-42.292577151065814,"{0: 12, 1: 0, 2: 2, 3: 0, 4: 1}",1
115,False,"{'a': 0.5, 'e': 0.5627048688069557}",25,12,-26.88329805778021,"{0: 11, 1: 1, 2: 0, 3: 0, 4: 1}",1
116,False,"{'a': 0.5, 'e': 0.559898366565402}",20,8,-1.469547104579823,"{0: 11, 1: 0, 2: 0, 3: 1, 4: 0}",1
117,False,"{'a': 0.5, 'e': 0.5571058618121739}",30,15,-27.401040160707186,"{0: 11, 1: 1, 2: 2, 3: 1, 4: 0}",1
118,False,"{'a': 0.5, 'e': 0.5543272847345071}",35,5,-28.515616280483957,"{0: 23, 1: 2, 2: 4, 3: 1, 4: 0}",1
119,False,"{'a': 0.5, 'e': 0.5515625658678298}",20,0,-25.57429505698822,"{0: 15, 1: 2, 2: 3, 3: 0, 4: 0}",0
120,False,"{'a': 0.5, 'e': 0.5488116360940265}",20,4,-96.11247929650244,"{0: 10, 1: 1, 2: 3, 3: 0, 4: 2}",1
121,False,"{'a': 0.5, 'e': 0.5460744266397094}",30,8,-98.25775596038349,"{0: 15, 1: 2, 2: 3, 3: 0, 4: 2}",1
122,False,"{'a': 0.5, 'e': 0.5433508690744998}",25,18,13.687983499416815,"{0: 7, 1: 0, 2: 0, 3: 0, 4: 0}",1
123,False,"{'a': 0.5, 'e': 0.5406408953093166}",20,0,-120.46754937268285,"{0: 12, 1: 0, 2: 6, 3: 0, 4: 2}",0
124,False,"{'a': 0.5, 'e': 0.5379444375946745}",25,14,18.88013634579955,"{0: 11, 1: 0, 2: 0, 3: 0, 4: 0}",1
125,False,"{'a': 0.5, 'e': 0.5352614285189903}",30,9,-7.419335966023254,"{0: 20, 1: 0, 2: 0, 3: 0, 4: 1}",1
126,False,"{'a': 0.5, 'e': 0.5325918010068972}",25,0,-73.47836339622432,"{0: 19, 1: 0, 2: 4, 3: 1, 4: 1}",0
127,False,"{'a': 0.5, 'e': 0.5299354883175685}",30,12,-27.127265721475016,"{0: 16, 1: 0, 2: 1, 3: 0, 4: 1}",1
128,False,"{'a': 0.5, 'e': 0.5272924240430485}",20,10,-34.391228462654134,"{0: 8, 1: 0, 2: 1, 3: 0, 4: 1}",1
129,False,"{'a': 0.5, 'e': 0.5246625421065929}",20,0,-22.036795207795127,"{0: 16, 1: 2, 2: 1, 3: 1, 4: 0}",0
130,False,"{'a': 0.5, 'e': 0.522045776761016}",20,0,-45.30497725510272,"{0: 16, 1: 0, 2: 3, 3: 0, 4: 1}",0
131,False,"{'a': 0.5, 'e': 0.5194420625870482}",20,0,-120.34111832202727,"{0: 14, 1: 2, 2: 1, 3: 0, 4: 3}",0
132,False,"{'a': 0.5, 'e': 0.5168513344916992}",20,0,-13.878584468155074,"{0: 16, 1: 1, 2: 3, 3: 0, 4: 0}",0
133,False,"{'a': 0.5, 'e': 0.5142735277066319}",20,11,6.177388092040278,"{0: 8, 1: 0, 2: 1, 3: 0, 4: 0}",1
134,False,"{'a': 0.5, 'e': 0.5117085777865424}",35,22,-2.5739922047631527,"{0: 12, 1: 0, 2: 0, 3: 1, 4: 0}",1
135,False,"{'a': 0.5, 'e': 0.5091564206075492}",20,0,-27.14804567901035,"{0: 15, 1: 1, 2: 4, 3: 0, 4: 0}",0
136,False,"{'a': 0.5, 'e': 0.5066169923655895}",25,15,-3.074106867501177,"{0: 8, 1: 1, 2: 1, 3: 0, 4: 0}",1
137,False,"{'a': 0.5, 'e': 0.5040902295748255}",30,3,-58.487728630616246,"{0: 20, 1: 2, 2: 4, 3: 0, 4: 1}",1
138,False,"{'a': 0.5, 'e': 0.5015760690660555}",25,0,-59.876166831579745,"{0: 21, 1: 0, 2: 1, 3: 2, 4: 1}",0
139,False,"{'a': 0.5, 'e': 0.49907444798513595}",25,0,-28.992356074774268,"{0: 20, 1: 2, 2: 2, 3: 1, 4: 0}",0
140,False,"{'a': 0.5, 'e': 0.49658530379140947}",20,0,-17.511786122834973,"{0: 16, 1: 0, 2: 4, 3: 0, 4: 0}",0
141,False,"{'a': 0.5, 'e': 0.4941085742561417}",20,0,1.2261415674873426,"{0: 17, 1: 1, 2: 2, 3: 0, 4: 0}",0
142,False,"{'a': 0.5, 'e': 0.4916441974609651}",25,0,26.76737611772752,"{0: 24, 1: 0, 2: 1, 3: 0, 4: 0}",0
143,False,"{'a': 0.5, 'e': 0.48919211179633154}",20,0,-97.0754438469813,"{0: 13, 1: 1, 2: 3, 3: 2, 4: 1}",0
144,False,"{'a': 0.5, 'e': 0.4867522559599717}",25,17,17.107225334550613,"{0: 8, 1: 0, 2: 0, 3: 0, 4: 0}",1
145,False,"{'a': 0.5, 'e': 0.48432456895536247}",25,0,-48.43835560562502,"{0: 20, 1: 1, 2: 3, 3: 0, 4: 1}",0
146,False,"{'a': 0.5, 'e': 0.48190899009020244}",30,21,16.62945533553468,"{0: 9, 1: 0, 2: 0, 3: 0, 4: 0}",1
147,False,"{'a': 0.5, 'e': 0.4795054589748941}",25,0,-14.393934612961974,"{0: 20, 1: 2, 2: 3, 3: 0, 4: 0}",0
148,False,"{'a': 0.5, 'e': 0.4771139155210344}",20,0,-65.18156670216447,"{0: 14, 1: 1, 2: 4, 3: 0, 4: 1}",0
149,False,"{'a': 0.5, 'e': 0.4747342999399124}",20,6,-43.95252279697833,"{0: 9, 1: 1, 2: 3, 3: 1, 4: 0}",1
150,False,"{'a': 0.5, 'e': 0.4723665527410147}",20,4,-37.2366975143961,"{0: 13, 1: 0, 2: 2, 3: 0, 4: 1}",1
151,False,"{'a': 0.5, 'e': 0.47001061473053796}",20,8,-34.9827150616547,"{0: 10, 1: 0, 2: 1, 3: 0, 4: 1}",1
152,False,"{'a': 0.5, 'e': 0.46766642700990924}",20,6,-16.42319046557651,"{0: 11, 1: 1, 2: 1, 3: 1, 4: 0}",1
153,False,"{'a': 0.5, 'e': 0.4653339309743134}",25,0,-29.795206942670895,"{0: 20, 1: 1, 2: 3, 3: 1, 4: 0}",0
154,False,"{'a': 0.5, 'e': 0.46301306831122807}",20,3,-4.442731497848865,"{0: 14, 1: 0, 2: 3, 3: 0, 4: 0}",1
155,False,"{'a': 0.5, 'e': 0.4607037809989658}",20,0,-111.15931882135355,"{0: 14, 1: 0, 2: 3, 3: 1, 4: 2}",0
156,False,"{'a': 0.5, 'e': 0.4584060113052235}",25,19,11.132269900944824,"{0: 6, 1: 0, 2: 0, 3: 0, 4: 0}",1
157,False,"{'a': 0.5, 'e': 0.4561197017856392}",25,0,-45.46448270121824,"{0: 17, 1: 3, 2: 5, 3: 0, 4: 0}",0
158,False,"{'a': 0.5, 'e': 0.45384479528235583}",20,14,3.6411185450267305,"{0: 5, 1: 0, 2: 1, 3: 0, 4: 0}",1
159,False,"{'a': 0.5, 'e': 0.4515812349225922}",20,10,-58.73553913614523,"{0: 6, 1: 0, 2: 3, 3: 0, 4: 1}",1
160,False,"{'a': 0.5, 'e': 0.44932896411722156}",20,10,-26.441553025095235,"{0: 7, 1: 0, 2: 2, 3: 1, 4: 0}",1
161,False,"{'a': 0.5, 'e': 0.4470879265593564}",25,6,11.08685172790943,"{0: 17, 1: 0, 2: 2, 3: 0, 4: 0}",1
162,False,"{'a': 0.5, 'e': 0.4448580662229411}",20,10,17.921564773698194,"{0: 10, 1: 0, 2: 0, 3: 0, 4: 0}",1
163,False,"{'a': 0.5, 'e': 0.4426393273613511}",20,10,-40.07228181401995,"{0: 5, 1: 2, 2: 2, 3: 1, 4: 0}",1
164,False,"{'a': 0.5, 'e': 0.44043165450599925}",35,15,-13.487818280835663,"{0: 17, 1: 0, 2: 2, 3: 1, 4: 0}",1
165,False,"{'a': 0.5, 'e': 0.4382349924649492}",20,12,5.9429234284151145,"{0: 7, 1: 0, 2: 1, 3: 0, 4: 0}",1
166,False,"{'a': 0.5, 'e': 0.43604928632153556}",20,6,-57.28620264061444,"{0: 9, 1: 0, 2: 3, 3: 2, 4: 0}",1
167,False,"{'a': 0.5, 'e': 0.4338744814329909}",20,0,-29.609098344418136,"{0: 15, 1: 1, 2: 3, 3: 1, 4: 0}",0
168,False,"{'a': 0.5, 'e': 0.43171052342907973}",30,15,-11.726116322343035,"{0: 12, 1: 0, 2: 3, 3: 0, 4: 0}",1
169,False,"{'a': 0.5, 'e': 0.42955735821073915}",20,4,5.077276185151048,"{0: 14, 1: 0, 2: 2, 3: 0, 4: 0}",1
170,False,"{'a': 0.5, 'e': 0.4274149319487267}",25,0,-41.7457345085062,"{0: 20, 1: 2, 2: 2, 3: 0, 4: 1}",0
171,False,"{'a': 0.5, 'e': 0.42528319108227414}",20,12,14.692382285612355,"{0: 8, 1: 0, 2: 0, 3: 0, 4: 0}",1
172,False,"{'a': 0.5, 'e': 0.4231620823177488}",30,0,-94.61160422987432,"{0: 20, 1: 1, 2: 8, 3: 0, 4: 1}",0
173,False,"{'a': 0.5, 'e': 0.4210515526273212}",30,17,-11.049095674920387,"{0: 9, 1: 3, 2: 1, 3: 0, 4: 0}",1
174,False,"{'a': 0.5, 'e': 0.418951549247639}",30,20,-38.54540253930524,"{0: 7, 1: 0, 2: 1, 3: 2, 4: 0}",1
175,False,"{'a': 0.5, 'e': 0.4168620196785084}",20,0,-42.598153674014824,"{0: 14, 1: 1, 2: 4, 3: 1, 4: 0}",0
176,False,"{'a': 0.5, 'e': 0.4147829116815814}",25,1,45.00122294531349,"{0: 24, 1: 0, 2: 0, 3: 0, 4: 0}",1
177,False,"{'a': 0.5, 'e': 0.4127141732790497}",30,0,-51.89037986580893,"{0: 25, 1: 1, 2: 2, 3: 1, 4: 1}",0
178,False,"{'a': 0.5, 'e': 0.4106557527523455}",20,4,-27.99418761161919,"{0: 14, 1: 0, 2: 1, 3: 0, 4: 1}",1
179,False,"{'a': 0.5, 'e': 0.40860759864084845}",30,0,1.9044715293088226,"{0: 26, 1: 1, 2: 3, 3: 0, 4: 0}",0
180,False,"{'a': 0.5, 'e': 0.4065696597405991}",20,0,8.219276720460845,"{0: 18, 1: 1, 2: 1, 3: 0, 4: 0}",0
181,False,"{'a': 0.5, 'e': 0.4045418851030188}",20,9,13.988883950407244,"{0: 11, 1: 0, 2: 0, 3: 0, 4: 0}",1
182,False,"{'a': 0.5, 'e': 0.40252422403363597}",25,7,8.819871662850055,"{0: 16, 1: 2, 2: 0, 3: 0, 4: 0}",1
183,False,"{'a': 0.5, 'e': 0.4005166260908188}",20,13,0.9546559317038676,"{0: 6, 1: 0, 2: 1, 3: 0, 4: 0}",1
184,False,"{'a': 0.5, 'e': 0.39851904108451414}",20,0,20.19484474427255,"{0: 19, 1: 0, 2: 1, 3: 0, 4: 0}",0
185,False,"{'a': 0.5, 'e': 0.39653141907499284}",25,14,21.816492618599167,"{0: 11, 1: 0, 2: 0, 3: 0, 4: 0}",1
186,False,"{'a': 0.5, 'e': 0.3945537103716011}",20,11,4.2616584797214205,"{0: 8, 1: 0, 2: 1, 3: 0, 4: 0}",1
187,False,"{'a': 0.5, 'e': 0.39258586553151836}",25,5,-13.920155626756511,"{0: 15, 1: 2, 2: 3, 3: 0, 4: 0}",1
188,False,"{'a': 0.5, 'e': 0.3906278353585211}",30,19,1.5133102740284148,"{0: 9, 1: 1, 2: 1, 3: 0, 4: 0}",1
189,False,"{'a': 0.5, 'e': 0.388679570901753}",30,1,-64.35373602815446,"{0: 22, 1: 1, 2: 3, 3: 3, 4: 0}",1
190,False,"{'a': 0.5, 'e': 0.3867410234545012}",20,10,-28.96738227947587,"{0: 7, 1: 0, 2: 2, 3: 1, 4: 0}",1
191,False,"{'a': 0.5, 'e': 0.3848121445529785}",20,13,-29.12098587570585,"{0: 6, 1: 0, 2: 0, 3: 0, 4: 1}",1
192,False,"{'a': 0.5, 'e': 0.38289288597511206}",20,6,2.6831254602548897,"{0: 12, 1: 0, 2: 2, 3: 0, 4: 0}",1
193,False,"{'a': 0.5, 'e': 0.38098319973933725}",25,6,-21.319086897215108,"{0: 15, 1: 0, 2: 3, 3: 1, 4: 0}",1
194,False,"{'a': 0.5, 'e': 0.37908303810339883}",25,0,-25.208871302461528,"{0: 22, 1: 2, 2: 0, 3: 0, 4: 1}",0
195,False,"{'a': 0.5, 'e': 0.37719235356315695}",20,11,14.335300479949101,"{0: 9, 1: 0, 2: 0, 3: 0, 4: 0}",1
196,False,"{'a': 0.5, 'e': 0.37531109885139957}",25,6,-73.04932101247695,"{0: 14, 1: 1, 2: 1, 3: 2, 4: 1}",1
197,False,"{'a': 0.5, 'e': 0.37343922693666093}",20,0,-15.340163746157108,"{0: 16, 1: 1, 2: 3, 3: 0, 4: 0}",0
198,False,"{'a': 0.5, 'e': 0.3715766910220457}",25,7,-44.90279653995636,"{0: 14, 1: 1, 2: 2, 3: 0, 4: 1}",1
199,False,"{'a': 0.5, 'e': 0.369723444544059}",25,11,-16.39449588622052,"{0: 13, 1: 0, 2: 0, 3: 0, 4: 1}",1
200,False,"{'a': 0.5, 'e': 0.36787944117144233}",20,11,7.17354030615945,"{0: 8, 1: 0, 2: 1, 3: 0, 4: 0}",1
201,False,"{'a': 0.5, 'e': 0.36604463480401533}",20,0,-24.22022149307177,"{0: 16, 1: 0, 2: 3, 3: 1, 4: 0}",0
202,False,"{'a': 0.5, 'e': 0.3642189795715233}",20,10,6.533830102011874,"{0: 9, 1: 1, 2: 0, 3: 0, 4: 0}",1
203,False,"{'a': 0.5, 'e': 0.36240242983249027}",25,0,-21.35578914162222,"{0: 23, 1: 0, 2: 1, 3: 0, 4: 1}",0
204,False,"{'a': 0.5, 'e': 0.3605949401730783}",25,0,-44.43460632002487,"{0: 21, 1: 1, 2: 1, 3: 1, 4: 1}",0
205,False,"{'a': 0.5, 'e': 0.3587964654059516}",30,21,16.195897215817304,"{0: 9, 1: 0, 2: 0, 3: 0, 4: 0}",1
206,False,"{'a': 0.5, 'e': 0.3570069605691474}",20,15,1.0702947858680663,"{0: 4, 1: 1, 2: 0, 3: 0, 4: 0}",1
207,False,"{'a': 0.5, 'e': 0.3552263809249515}",25,8,-63.82529866789929,"{0: 14, 1: 0, 2: 1, 3: 0, 4: 2}",1
208,False,"{'a': 0.5, 'e': 0.35345468195878016}",20,10,5.417065827384293,"{0: 9, 1: 0, 2: 1, 3: 0, 4: 0}",1
209,False,"{'a': 0.5, 'e': 0.3516918193780669}",20,0,12.76051306543271,"{0: 19, 1: 0, 2: 1, 3: 0, 4: 0}",0
210,False,"{'a': 0.5, 'e': 0.3499377491111553}",25,16,14.73101876548796,"{0: 9, 1: 0, 2: 0, 3: 0, 4: 0}",1
211,False,"{'a': 0.5, 'e': 0.3481924273061976}",25,0,1.8787135523533924,"{0: 22, 1: 1, 2: 2, 3: 0, 4: 0}",0
212,False,"{'a': 0.5, 'e': 0.3464558103300574}",25,13,-6.0431294366510615,"{0: 10, 1: 0, 2: 2, 3: 0, 4: 0}",1
213,False,"{'a': 0.5, 'e': 0.3447278547672202}",20,0,-64.94520708049386,"{0: 17, 1: 0, 2: 1, 3: 0, 4: 2}",0
214,False,"{'a': 0.5, 'e': 0.34300851741870664}",20,3,-14.976471605589126,"{0: 14, 1: 1, 2: 1, 3: 1, 4: 0}",1
215,False,"{'a': 0.5, 'e': 0.3412977553009937}",25,19,10.829104765383958,"{0: 6, 1: 0, 2: 0, 3: 0, 4: 0}",1
216,False,"{'a': 0.5, 'e': 0.3395955256449391}",25,0,-101.247722973292,"{0: 20, 1: 0, 2: 1, 3: 2, 4: 2}",0
217,False,"{'a': 0.5, 'e': 0.33790178589471304}",25,15,-10.300404078742577,"{0: 8, 1: 1, 2: 0, 3: 1, 4: 0}",1
218,False,"{'a': 0.5, 'e': 0.3362164937067333}",20,5,-55.70912435781782,"{0: 8, 1: 3, 2: 3, 3: 1, 4: 0}",1
219,False,"{'a': 0.5, 'e': 0.3345396069486076}",25,10,27.636875072547173,"{0: 15, 1: 0, 2: 0, 3: 0, 4: 0}",1
220,False,"{'a': 0.5, 'e': 0.33287108369807955}",20,6,11.432232810085752,"{0: 13, 1: 0, 2: 1, 3: 0, 4: 0}",1
221,False,"{'a': 0.5, 'e': 0.331210882241981}",20,13,0.5094607196176149,"{0: 5, 1: 2, 2: 0, 3: 0, 4: 0}",1
222,False,"{'a': 0.5, 'e': 0.32955896107518906}",25,0,-71.37661391406169,"{0: 21, 1: 0, 2: 2, 3: 0, 4: 2}",0
223,False,"{'a': 0.5, 'e': 0.32791527889958855}",25,0,26.14835182529489,"{0: 24, 1: 1, 2: 0, 3: 0, 4: 0}",0
224,False,"{'a': 0.5, 'e': 0.32627979462303947}",30,8,-7.993813907692041,"{0: 21, 1: 0, 2: 0, 3: 0, 4: 1}",1
225,False,"{'a': 0.5, 'e': 0.32465246735834974}",25,14,-4.795533445124389,"{0: 10, 1: 0, 2: 0, 3: 1, 4: 0}",1
226,False,"{'a': 0.5, 'e': 0.3230332564222529}",20,8,-3.760309661189557,"{0: 9, 1: 2, 2: 1, 3: 0, 4: 0}",1
227,False,"{'a': 0.5, 'e': 0.32142212133439135}",20,9,19.054845052360477,"{0: 11, 1: 0, 2: 0, 3: 0, 4: 0}",1
228,False,"{'a': 0.5, 'e': 0.31981902181630384}",20,0,-79.44140791802656,"{0: 15, 1: 2, 2: 1, 3: 0, 4: 2}",0
229,False,"{'a': 0.5, 'e': 0.3182239177904191}",25,8,24.41413667376667,"{0: 16, 1: 0, 2: 1, 3: 0, 4: 0}",1
230,False,"{'a': 0.5, 'e': 0.31663676937905316}",20,8,9.706531911406659,"{0: 11, 1: 0, 2: 1, 3: 0, 4: 0}",1
231,False,"{'a': 0.5, 'e': 0.3150575369034133}",20,5,-2.7283548924139143,"{0: 12, 1: 1, 2: 2, 3: 0, 4: 0}",1
232,False,"{'a': 0.5, 'e': 0.3134861808826053}",25,11,-2.1905776594784045,"{0: 11, 1: 3, 2: 0, 3: 0, 4: 0}",1
233,False,"{'a': 0.5, 'e': 0.31192266203264674}",25,0,9.231112779027736,"{0: 22, 1: 1, 2: 2, 3: 0, 4: 0}",0
234,False,"{'a': 0.5, 'e': 0.31036694126548503}",25,11,-15.57248963893366,"{0: 11, 1: 1, 2: 1, 3: 1, 4: 0}",1
235,False,"{'a': 0.5, 'e': 0.30881897968801986}",20,14,12.643503962641198,"{0: 6, 1: 0, 2: 0, 3: 0, 4: 0}",1
236,False,"{'a': 0.5, 'e': 0.30727873860113125}",20,0,-74.3839954661493,"{0: 15, 1: 2, 2: 1, 3: 0, 4: 2}",0
237,False,"{'a': 0.5, 'e': 0.30574617949871175}",20,13,-9.988966219783503,"{0: 6, 1: 0, 2: 0, 3: 1, 4: 0}",1
238,False,"{'a': 0.5, 'e': 0.3042212640667041}",30,9,-48.53066629284592,"{0: 16, 1: 3, 2: 0, 3: 1, 4: 1}",1
239,False,"{'a': 0.5, 'e': 0.30270395418214285}",30,17,-55.972309196090315,"{0: 9, 1: 0, 2: 3, 3: 0, 4: 1}",1
240,False,"{'a': 0.5, 'e': 0.30119421191220214}",30,0,-80.42873960295772,"{0: 23, 1: 2, 2: 2, 3: 2, 4: 1}",0
241,False,"{'a': 0.5, 'e': 0.2996919995132463}",30,17,8.135977271851107,"{0: 11, 1: 1, 2: 1, 3: 0, 4: 0}",1
242,False,"{'a': 0.5, 'e': 0.2981972794298874}",25,0,14.541453743686102,"{0: 24, 1: 0, 2: 0, 3: 1, 4: 0}",0
243,False,"{'a': 0.5, 'e': 0.29671001429404525}",25,0,-33.329365257251176,"{0: 18, 1: 2, 2: 5, 3: 0, 4: 0}",0
244,False,"{'a': 0.5, 'e': 0.2952301669240142}",20,11,16.05444672403384,"{0: 9, 1: 0, 2: 0, 3: 0, 4: 0}",1
245,False,"{'a': 0.5, 'e': 0.29375770032353277}",20,16,7.206452084647076,"{0: 4, 1: 0, 2: 0, 3: 0, 4: 0}",1
246,False,"{'a': 0.5, 'e': 0.2922925776808594}",20,11,14.160814526491775,"{0: 9, 1: 0, 2: 0, 3: 0, 4: 0}",1
247,False,"{'a': 0.5, 'e': 0.29083476236785155}",20,0,-100.66907143415762,"{0: 14, 1: 2, 2: 1, 3: 1, 4: 2}",0
248,False,"{'a': 0.5, 'e': 0.2893842179390506}",20,0,-51.99170487100948,"{0: 18, 1: 0, 2: 0, 3: 0, 4: 2}",0
249,False,"{'a': 0.5, 'e': 0.2879409081307702}",25,11,22.87909241321597,"{0: 14, 1: 0, 2: 0, 3: 0, 4: 0}",1
250,False,"{'a': 0.5, 'e': 0.2865047968601901}",25,11,5.03748362113549,"{0: 12, 1: 1, 2: 1, 3: 0, 4: 0}",1
251,False,"{'a': 0.5, 'e': 0.28507584822445353}",20,11,6.173190920774752,"{0: 8, 1: 0, 2: 1, 3: 0, 4: 0}",1
252,False,"{'a': 0.5, 'e': 0.2836540264997704}",20,6,12.724782995390346,"{0: 13, 1: 0, 2: 1, 3: 0, 4: 0}",1
253,False,"{'a': 0.5, 'e': 0.2822392961405233}",20,15,11.268981144259769,"{0: 5, 1: 0, 2: 0, 3: 0, 4: 0}",1
254,False,"{'a': 0.5, 'e': 0.2808316217783798}",30,18,-42.2376486432277,"{0: 10, 1: 0, 2: 0, 3: 1, 4: 1}",1
255,False,"{'a': 0.5, 'e': 0.2794309682214073}",20,8,7.979678665566337,"{0: 10, 1: 2, 2: 0, 3: 0, 4: 0}",1
256,False,"{'a': 0.5, 'e': 0.27803730045319414}",20,12,14.372398028357663,"{0: 8, 1: 0, 2: 0, 3: 0, 4: 0}",1
257,False,"{'a': 0.5, 'e': 0.2766505836319734}",30,0,32.87808288327097,"{0: 29, 1: 0, 2: 1, 3: 0, 4: 0}",0
258,False,"{'a': 0.5, 'e': 0.27527078308975234}",30,12,0.8326931503831054,"{0: 16, 1: 1, 2: 0, 3: 1, 4: 0}",1
259,False,"{'a': 0.5, 'e': 0.2738978643314456}",20,10,15.367224627379937,"{0: 10, 1: 0, 2: 0, 3: 0, 4: 0}",1
260,False,"{'a': 0.5, 'e': 0.2725317930340126}",25,17,17.997905906002405,"{0: 8, 1: 0, 2: 0, 3: 0, 4: 0}",1
261,False,"{'a': 0.5, 'e': 0.2711725350455999}",25,14,-4.7627798612312215,"{0: 9, 1: 0, 2: 2, 3: 0, 4: 0}",1
262,False,"{'a': 0.5, 'e': 0.2698200563846868}",20,8,7.15620647765446,"{0: 11, 1: 0, 2: 1, 3: 0, 4: 0}",1
263,False,"{'a': 0.5, 'e': 0.2684743232392366}",20,11,2.0193015712944984,"{0: 8, 1: 0, 2: 1, 3: 0, 4: 0}",1
264,False,"{'a': 0.5, 'e': 0.26713530196585034}",25,17,7.366249210845748,"{0: 7, 1: 1, 2: 0, 3: 0, 4: 0}",1
265,False,"{'a': 0.5, 'e': 0.2658029590889266}",35,2,-45.31208728700407,"{0: 28, 1: 0, 2: 3, 3: 1, 4: 1}",1
266,False,"{'a': 0.5, 'e': 0.26447726129982396}",25,11,2.8449623047419372,"{0: 13, 1: 0, 2: 0, 3: 1, 4: 0}",1
267,False,"{'a': 0.5, 'e': 0.2631581754560287}",25,0,3.458099913431253,"{0: 21, 1: 3, 2: 1, 3: 0, 4: 0}",0
268,False,"{'a': 0.5, 'e': 0.261845668580326}",20,5,6.259189281889725,"{0: 13, 1: 1, 2: 1, 3: 0, 4: 0}",1
269,False,"{'a': 0.5, 'e': 0.2605397078599756}",20,0,7.221830897054078,"{0: 18, 1: 1, 2: 1, 3: 0, 4: 0}",0
270,False,"{'a': 0.5, 'e': 0.2592402606458915}",20,3,-17.535859465321778,"{0: 16, 1: 0, 2: 0, 3: 0, 4: 1}",1
271,False,"{'a': 0.5, 'e': 0.2579472944518257}",25,5,0.9188690125222148,"{0: 17, 1: 1, 2: 2, 3: 0, 4: 0}",1
272,False,"{'a': 0.5, 'e': 0.2566607769535559}",25,0,22.333898057050053,"{0: 23, 1: 1, 2: 1, 3: 0, 4: 0}",0
273,False,"{'a': 0.5, 'e': 0.2553806759880777}",25,15,18.515963138770513,"{0: 10, 1: 0, 2: 0, 3: 0, 4: 0}",1
274,False,"{'a': 0.5, 'e': 0.25410695955280027}",20,9,21.68261056831344,"{0: 11, 1: 0, 2: 0, 3: 0, 4: 0}",1
275,False,"{'a': 0.5, 'e': 0.25283959580474646}",20,7,25.831578979251884,"{0: 13, 1: 0, 2: 0, 3: 0, 4: 0}",1
276,False,"{'a': 0.5, 'e': 0.25157855305975646}",20,12,-34.13650839992958,"{0: 6, 1: 1, 2: 0, 3: 0, 4: 1}",1
277,False,"{'a': 0.5, 'e': 0.2503237997916961}",25,0,-57.61998675290037,"{0: 22, 1: 0, 2: 1, 3: 0, 4: 2}",1
278,False,"{'a': 0.5, 'e': 0.24907530463166816}",30,15,-71.81658875016205,"{0: 12, 1: 0, 2: 1, 3: 0, 4: 2}",1
279,False,"{'a': 0.5, 'e': 0.24783303636722875}",20,2,-46.179850041132326,"{0: 14, 1: 0, 2: 3, 3: 0, 4: 1}",1
280,False,"{'a': 0.5, 'e': 0.24659696394160643}",20,9,7.718449213325556,"{0: 10, 1: 0, 2: 1, 3: 0, 4: 0}",1
281,False,"{'a': 0.5, 'e': 0.24536705645292634}",25,20,10.46250379479704,"{0: 5, 1: 0, 2: 0, 3: 0, 4: 0}",1
282,False,"{'a': 0.5, 'e': 0.2441432831534371}",20,8,-3.7998535725618083,"{0: 10, 1: 0, 2: 2, 3: 0, 4: 0}",1
283,False,"{'a': 0.5, 'e': 0.24292561344874244}",30,10,-8.948670426175578,"{0: 17, 1: 0, 2: 2, 3: 1, 4: 0}",1
284,False,"{'a': 0.5, 'e': 0.24171401689703645}",20,0,19.749024764725867,"{0: 19, 1: 0, 2: 1, 3: 0, 4: 0}",0
285,False,"{'a': 0.5, 'e': 0.24050846320834213}",25,0,34.65161039126337,"{0: 25, 1: 0, 2: 0, 3: 0, 4: 0}",0
286,False,"{'a': 0.5, 'e': 0.23930892224375455}",20,9,18.57537780100936,"{0: 11, 1: 0, 2: 0, 3: 0, 4: 0}",1
287,False,"{'a': 0.5, 'e': 0.23811536401468703}",30,20,1.7056692568304848,"{0: 8, 1: 1, 2: 1, 3: 0, 4: 0}",1
288,False,"{'a': 0.5, 'e': 0.23692775868212176}",25,10,32.31398783586592,"{0: 15, 1: 0, 2: 0, 3: 0, 4: 0}",1
289,False,"{'a': 0.5, 'e': 0.23574607655586352}",30,15,-1.9772842774549073,"{0: 13, 1: 0, 2: 2, 3: 0, 4: 0}",1
290,False,"{'a': 0.5, 'e': 0.23457028809379765}",20,10,5.602199919966393,"{0: 9, 1: 0, 2: 1, 3: 0, 4: 0}",1
291,False,"{'a': 0.5, 'e': 0.23340036390115132}",25,0,-43.10159837812034,"{0: 21, 1: 1, 2: 1, 3: 1, 4: 1}",0
292,False,"{'a': 0.5, 'e': 0.23223627472975883}",20,12,17.374489920995124,"{0: 8, 1: 0, 2: 0, 3: 0, 4: 0}",1
293,False,"{'a': 0.5, 'e': 0.23107799147733019}",20,12,2.8409599770802068,"{0: 7, 1: 0, 2: 1, 3: 0, 4: 0}",1
294,False,"{'a': 0.5, 'e': 0.22992548518672384}",20,5,24.323120018937065,"{0: 15, 1: 0, 2: 0, 3: 0, 4: 0}",1
295,False,"{'a': 0.5, 'e': 0.22877872704522242}",20,0,12.159312835206448,"{0: 18, 1: 1, 2: 1, 3: 0, 4: 0}",0
296,False,"{'a': 0.5, 'e': 0.22763768838381274}",25,0,-51.23257194752807,"{0: 23, 1: 0, 2: 0, 3: 0, 4: 2}",0
297,False,"{'a': 0.5, 'e': 0.22650234067646874}",30,0,-7.714944351229753,"{0: 28, 1: 1, 2: 0, 3: 0, 4: 1}",0
298,False,"{'a': 0.5, 'e': 0.22537265553943872}",20,0,2.3099530030858437,"{0: 17, 1: 1, 2: 2, 3: 0, 4: 0}",0
299,False,"{'a': 0.5, 'e': 0.22424860473053532}",20,16,8.67160667257432,"{0: 4, 1: 0, 2: 0, 3: 0, 4: 0}",1
300,False,"{'a': 0.5, 'e': 0.22313016014842982}",20,12,-4.418686495979549,"{0: 7, 1: 0, 2: 0, 3: 1, 4: 0}",1
301,False,"{'a': 0.5, 'e': 0.22201729383194937}",20,16,7.526673611326815,"{0: 4, 1: 0, 2: 0, 3: 0, 4: 0}",1
302,False,"{'a': 0.5, 'e': 0.2209099779593782}",20,15,9.695892498543397,"{0: 5, 1: 0, 2: 0, 3: 0, 4: 0}",1
303,False,"{'a': 0.5, 'e': 0.21980818484776168}",20,10,18.22098960182504,"{0: 10, 1: 0, 2: 0, 3: 0, 4: 0}",1
304,False,"{'a': 0.5, 'e': 0.21871188695221475}",20,10,13.500168897073621,"{0: 9, 1: 1, 2: 0, 3: 0, 4: 0}",1
305,False,"{'a': 0.5, 'e': 0.21762105686523284}",20,0,9.052944766012965,"{0: 18, 1: 0, 2: 2, 3: 0, 4: 0}",0
306,False,"{'a': 0.5, 'e': 0.21653566731600707}",30,9,-34.28583255483124,"{0: 16, 1: 4, 2: 0, 3: 0, 4: 1}",1
307,False,"{'a': 0.5, 'e': 0.21545569116974203}",30,13,17.223885256639424,"{0: 16, 1: 0, 2: 1, 3: 0, 4: 0}",1
308,False,"{'a': 0.5, 'e': 0.21438110142697794}",25,6,-2.9481533381092966,"{0: 17, 1: 0, 2: 1, 3: 1, 4: 0}",1
309,False,"{'a': 0.5, 'e': 0.21331187122291523}",20,0,10.020763118784497,"{0: 18, 1: 0, 2: 2, 3: 0, 4: 0}",0
310,False,"{'a': 0.5, 'e': 0.21224797382674304}",25,12,23.42348113062704,"{0: 13, 1: 0, 2: 0, 3: 0, 4: 0}",1
311,False,"{'a': 0.5, 'e': 0.21118938264097117}",35,6,27.238012125066465,"{0: 27, 1: 1, 2: 1, 3: 0, 4: 0}",1
312,False,"{'a': 0.5, 'e': 0.21013607120076472}",20,12,1.4752349495456762,"{0: 7, 1: 0, 2: 1, 3: 0, 4: 0}",1
313,False,"{'a': 0.5, 'e': 0.20908801317328293}",25,3,25.83319369661956,"{0: 21, 1: 0, 2: 1, 3: 0, 4: 0}",1
314,False,"{'a': 0.5, 'e': 0.20804518235702046}",25,6,12.928814006262584,"{0: 17, 1: 1, 2: 1, 3: 0, 4: 0}",1
315,False,"{'a': 0.5, 'e': 0.20700755268115265}",25,17,14.249727753653547,"{0: 8, 1: 0, 2: 0, 3: 0, 4: 0}",1
316,False,"{'a': 0.5, 'e': 0.20597509820488344}",30,20,-25.5122947729653,"{0: 9, 1: 0, 2: 0, 3: 0, 4: 1}",1
317,False,"{'a': 0.5, 'e': 0.2049477931167973}",20,14,10.703858001459412,"{0: 6, 1: 0, 2: 0, 3: 0, 4: 0}",1
318,False,"{'a': 0.5, 'e': 0.20392561173421342}",25,13,19.121976296387913,"{0: 12, 1: 0, 2: 0, 3: 0, 4: 0}",1
319,False,"{'a': 0.5, 'e': 0.20290852850254407}",20,2,-19.60574686776565,"{0: 16, 1: 1, 2: 0, 3: 0, 4: 1}",1
320,False,"{'a': 0.5, 'e': 0.20189651799465538}",25,12,14.29958701863351,"{0: 12, 1: 0, 2: 1, 3: 0, 4: 0}",1
321,False,"{'a': 0.5, 'e': 0.20088955491023208}",20,10,-62.825393770838375,"{0: 8, 1: 0, 2: 0, 3: 0, 4: 2}",1
322,False,"{'a': 0.5, 'e': 0.1998876140751445}",30,22,15.74886885257789,"{0: 8, 1: 0, 2: 0, 3: 0, 4: 0}",1
323,False,"{'a': 0.5, 'e': 0.19889067044081962}",20,10,18.017632985849982,"{0: 10, 1: 0, 2: 0, 3: 0, 4: 0}",1
324,False,"{'a': 0.5, 'e': 0.19789869908361465}",20,13,14.266680893876384,"{0: 7, 1: 0, 2: 0, 3: 0, 4: 0}",1
325,False,"{'a': 0.5, 'e': 0.19691167520419406}",25,0,12.759656158448147,"{0: 23, 1: 0, 2: 2, 3: 0, 4: 0}",0
326,False,"{'a': 0.5, 'e': 0.19592957412690934}",30,16,-12.620500014787629,"{0: 11, 1: 0, 2: 3, 3: 0, 4: 0}",1
327,False,"{'a': 0.5, 'e': 0.1949523712991825}",20,10,0.3554727904590793,"{0: 8, 1: 1, 2: 1, 3: 0, 4: 0}",1
328,False,"{'a': 0.5, 'e': 0.19398004229089189}",20,0,5.925246870940263,"{0: 18, 1: 0, 2: 2, 3: 0, 4: 0}",0
329,False,"{'a': 0.5, 'e': 0.19301256279376172}",25,15,13.715033691568241,"{0: 9, 1: 1, 2: 0, 3: 0, 4: 0}",1
330,False,"{'a': 0.5, 'e': 0.19204990862075408}",20,11,18.5057388660287,"{0: 9, 1: 0, 2: 0, 3: 0, 4: 0}",1
331,False,"{'a': 0.5, 'e': 0.19109205570546464}",20,15,9.094457392888785,"{0: 5, 1: 0, 2: 0, 3: 0, 4: 0}",1
332,False,"{'a': 0.5, 'e': 0.1901389801015205}",20,0,27.05461027201576,"{0: 20, 1: 0, 2: 0, 3: 0, 4: 0}",0
333,False,"{'a': 0.5, 'e': 0.18919065798198204}",25,13,11.287004159000855,"{0: 11, 1: 0, 2: 1, 3: 0, 4: 0}",1
334,False,"{'a': 0.5, 'e': 0.1882470656387468}",25,17,13.451456543080646,"{0: 8, 1: 0, 2: 0, 3: 0, 4: 0}",1
335,False,"{'a': 0.5, 'e': 0.18730817948195702}",20,7,13.739026267924853,"{0: 12, 1: 0, 2: 1, 3: 0, 4: 0}",1
336,False,"{'a': 0.5, 'e': 0.18637397603940997}",20,16,6.720200378058001,"{0: 4, 1: 0, 2: 0, 3: 0, 4: 0}",1
337,False,"{'a': 0.5, 'e': 0.18544443195597088}",30,10,9.416616732084329,"{0: 18, 1: 0, 2: 2, 3: 0, 4: 0}",1
338,False,"{'a': 0.5, 'e': 0.18451952399298926}",30,19,19.875058058697583,"{0: 11, 1: 0, 2: 0, 3: 0, 4: 0}",1
339,False,"{'a': 0.5, 'e': 0.18359922902771786}",20,0,19.191324900464984,"{0: 19, 1: 0, 2: 1, 3: 0, 4: 0}",0
340,False,"{'a': 0.5, 'e': 0.18268352405273466}",25,5,17.14160742256728,"{0: 19, 1: 0, 2: 1, 3: 0, 4: 0}",1
341,False,"{'a': 0.5, 'e': 0.1817723861753675}",20,8,19.673767359787167,"{0: 12, 1: 0, 2: 0, 3: 0, 4: 0}",1
342,False,"{'a': 0.5, 'e': 0.1808657926171221}",20,4,-33.4038544532591,"{0: 13, 1: 1, 2: 1, 3: 0, 4: 1}",1
343,False,"{'a': 0.5, 'e': 0.17996372071311217}",20,13,-0.21307729887909255,"{0: 6, 1: 0, 2: 1, 3: 0, 4: 0}",1
344,False,"{'a': 0.5, 'e': 0.17906614791149322}",25,13,8.057414452939536,"{0: 11, 1: 0, 2: 1, 3: 0, 4: 0}",1
345,False,"{'a': 0.5, 'e': 0.1781730517728984}",25,0,23.652475483867306,"{0: 23, 1: 1, 2: 1, 3: 0, 4: 0}",0
346,False,"{'a': 0.5, 'e': 0.17728440996987782}",25,11,29.504033024962023,"{0: 14, 1: 0, 2: 0, 3: 0, 4: 0}",1
347,False,"{'a': 0.5, 'e': 0.17640020028634}",30,0,17.634050780985003,"{0: 27, 1: 1, 2: 2, 3: 0, 4: 0}",0
348,False,"{'a': 0.5, 'e': 0.17552040061699686}",30,13,-61.48241551420694,"{0: 14, 1: 0, 2: 1, 3: 0, 4: 2}",1
349,False,"{'a': 0.5, 'e': 0.17464498896681085}",35,21,26.69566541042345,"{0: 14, 1: 0, 2: 0, 3: 0, 4: 0}",1
350,False,"{'a': 0.5, 'e': 0.17377394345044514}",25,10,13.161055839312858,"{0: 13, 1: 2, 2: 0, 3: 0, 4: 0}",1
351,False,"{'a': 0.5, 'e': 0.17290724229171636}",20,12,12.81668197305449,"{0: 8, 1: 0, 2: 0, 3: 0, 4: 0}",1
352,False,"{'a': 0.5, 'e': 0.17204486382305054}",20,2,31.811079582733072,"{0: 18, 1: 0, 2: 0, 3: 0, 4: 0}",1
353,False,"{'a': 0.5, 'e': 0.1711867864849409}",25,13,7.795232996013193,"{0: 10, 1: 2, 2: 0, 3: 0, 4: 0}",1
354,False,"{'a': 0.5, 'e': 0.17033298882540943}",20,14,11.72877094809135,"{0: 6, 1: 0, 2: 0, 3: 0, 4: 0}",1
355,False,"{'a': 0.5, 'e': 0.16948344949947006}",25,0,-44.631724756432874,"{0: 21, 1: 1, 2: 1, 3: 1, 4: 1}",0
356,False,"{'a': 0.5, 'e': 0.1686381472685955}",20,11,-67.80703492669974,"{0: 5, 1: 1, 2: 1, 3: 1, 4: 1}",1
357,False,"{'a': 0.5, 'e': 0.16779706100018585}",20,0,31.69078160903005,"{0: 20, 1: 0, 2: 0, 3: 0, 4: 0}",0
358,False,"{'a': 0.5, 'e': 0.1669601696670407}",30,18,-73.50108623941715,"{0: 9, 1: 0, 2: 1, 3: 0, 4: 2}",1
359,False,"{'a': 0.5, 'e': 0.16612745234683307}",25,0,29.31317130203522,"{0: 24, 1: 1, 2: 0, 3: 0, 4: 0}",1
360,False,"{'a': 0.5, 'e': 0.16529888822158653}",20,16,7.279821885379826,"{0: 4, 1: 0, 2: 0, 3: 0, 4: 0}",1
361,False,"{'a': 0.5, 'e': 0.1644744565771549}",20,13,-0.15413994102983075,"{0: 6, 1: 0, 2: 1, 3: 0, 4: 0}",1
362,False,"{'a': 0.5, 'e': 0.16365413680270405}",25,12,-15.553038663832428,"{0: 12, 1: 0, 2: 0, 3: 0, 4: 1}",1
363,False,"{'a': 0.5, 'e': 0.16283790839019696}",20,12,14.05369629846707,"{0: 8, 1: 0, 2: 0, 3: 0, 4: 0}",1
364,False,"{'a': 0.5, 'e': 0.16202575093388075}",25,16,13.920498754122237,"{0: 9, 1: 0, 2: 0, 3: 0, 4: 0}",1
365,False,"{'a': 0.5, 'e': 0.16121764412977677}",25,0,-13.82847485202489,"{0: 23, 1: 0, 2: 1, 3: 0, 4: 1}",0
366,False,"{'a': 0.5, 'e': 0.16041356777517274}",30,15,13.153729378501037,"{0: 14, 1: 0, 2: 1, 3: 0, 4: 0}",1
367,False,"{'a': 0.5, 'e': 0.15961350176811803}",20,14,6.0638802403994525,"{0: 5, 1: 1, 2: 0, 3: 0, 4: 0}",1
368,False,"{'a': 0.5, 'e': 0.15881742610692068}",20,16,9.07291586869388,"{0: 4, 1: 0, 2: 0, 3: 0, 4: 0}",1
369,False,"{'a': 0.5, 'e': 0.1580253208896478}",20,10,16.463155035732196,"{0: 10, 1: 0, 2: 0, 3: 0, 4: 0}",1
370,False,"{'a': 0.5, 'e': 0.1572371663136276}",20,13,11.975871294112405,"{0: 7, 1: 0, 2: 0, 3: 0, 4: 0}",1
371,False,"{'a': 0.5, 'e': 0.15645294267495474}",25,4,1.6062447296205653,"{0: 19, 1: 0, 2: 1, 3: 1, 4: 0}",1
372,False,"{'a': 0.5, 'e': 0.1556726303679973}",30,17,13.298720045900492,"{0: 12, 1: 0, 2: 1, 3: 0, 4: 0}",1
373,False,"{'a': 0.5, 'e': 0.15489620988490704}",30,16,28.306341730783267,"{0: 14, 1: 0, 2: 0, 3: 0, 4: 0}",1
374,False,"{'a': 0.5, 'e': 0.1541236618151314}",20,9,19.949392731556948,"{0: 11, 1: 0, 2: 0, 3: 0, 4: 0}",1
375,False,"{'a': 0.5, 'e': 0.15335496684492847}",20,12,-25.049571111470573,"{0: 7, 1: 0, 2: 0, 3: 0, 4: 1}",1
376,False,"{'a': 0.5, 'e': 0.15259010575688386}",20,9,12.526004895935046,"{0: 10, 1: 1, 2: 0, 3: 0, 4: 0}",1
377,False,"{'a': 0.5, 'e': 0.1518290594294306}",20,12,2.4836490498671075,"{0: 7, 1: 0, 2: 1, 3: 0, 4: 0}",1
378,False,"{'a': 0.5, 'e': 0.15107180883637084}",25,2,11.298208721835266,"{0: 21, 1: 0, 2: 2, 3: 0, 4: 0}",1
379,False,"{'a': 0.5, 'e': 0.15031833504640033}",30,14,30.402921410237173,"{0: 16, 1: 0, 2: 0, 3: 0, 4: 0}",1
380,False,"{'a': 0.5, 'e': 0.14956861922263504}",25,3,26.983775390144363,"{0: 21, 1: 1, 2: 0, 3: 0, 4: 0}",1
381,False,"{'a': 0.5, 'e': 0.14882264262214037}",25,14,7.753292899060787,"{0: 10, 1: 0, 2: 1, 3: 0, 4: 0}",1
382,False,"{'a': 0.5, 'e': 0.14808038659546244}",30,22,-48.940043236361504,"{0: 6, 1: 0, 2: 0, 3: 1, 4: 1}",1
383,False,"{'a': 0.5, 'e': 0.14734183258616193}",25,11,21.68484440632271,"{0: 14, 1: 0, 2: 0, 3: 0, 4: 0}",1
384,False,"{'a': 0.5, 'e': 0.14660696213035015}",30,19,20.9627082330229,"{0: 11, 1: 0, 2: 0, 3: 0, 4: 0}",1
385,False,"{'a': 0.5, 'e': 0.14587575685622736}",25,0,-32.41313246965177,"{0: 23, 1: 0, 2: 0, 3: 1, 4: 1}",0
386,False,"{'a': 0.5, 'e': 0.14514819848362373}",20,11,-9.54481584855546,"{0: 7, 1: 0, 2: 2, 3: 0, 4: 0}",1
387,False,"{'a': 0.5, 'e': 0.14442426882354198}",25,5,13.295347239233514,"{0: 18, 1: 1, 2: 1, 3: 0, 4: 0}",1
388,False,"{'a': 0.5, 'e': 0.14370394977770293}",20,5,11.814427866385664,"{0: 14, 1: 0, 2: 1, 3: 0, 4: 0}",1
389,False,"{'a': 0.5, 'e': 0.14298722333809288}",30,20,3.490056394321996,"{0: 9, 1: 0, 2: 1, 3: 0, 4: 0}",1
390,False,"{'a': 0.5, 'e': 0.1422740715865136}",30,4,16.9943408797117,"{0: 25, 1: 0, 2: 0, 3: 1, 4: 0}",1
391,False,"{'a': 0.5, 'e': 0.14156447669413402}",20,13,12.497718889830239,"{0: 7, 1: 0, 2: 0, 3: 0, 4: 0}",1
392,False,"{'a': 0.5, 'e': 0.140858420921045}",25,17,12.660898426031443,"{0: 8, 1: 0, 2: 0, 3: 0, 4: 0}",1
393,False,"{'a': 0.5, 'e': 0.14015588661581535}",25,7,-8.76787354396777,"{0: 17, 1: 0, 2: 0, 3: 0, 4: 1}",1
394,False,"{'a': 0.5, 'e': 0.13945685621505094}",20,15,9.262110903243835,"{0: 5, 1: 0, 2: 0, 3: 0, 4: 0}",1
395,False,"{'a': 0.5, 'e': 0.13876131224295524}",20,8,21.316185260607035,"{0: 12, 1: 0, 2: 0, 3: 0, 4: 0}",1
396,False,"{'a': 0.5, 'e': 0.13806923731089282}",20,0,16.60653763228276,"{0: 19, 1: 0, 2: 1, 3: 0, 4: 0}",0
397,False,"{'a': 0.5, 'e': 0.13738061411695424}",20,0,19.16338286027061,"{0: 19, 1: 1, 2: 0, 3: 0, 4: 0}",0
398,False,"{'a': 0.5, 'e': 0.13669542544552385}",20,0,-9.998358364323616,"{0: 19, 1: 0, 2: 0, 3: 0, 4: 1}",0
399,False,"{'a': 0.5, 'e': 0.13601365416684916}",25,0,-57.911802265335986,"{0: 22, 1: 0, 2: 1, 3: 0, 4: 2}",0
400,False,"{'a': 0.5, 'e': 0.1353352832366127}",25,11,0.2804588228024145,"{0: 12, 1: 0, 2: 2, 3: 0, 4: 0}",1
401,False,"{'a': 0.5, 'e': 0.13466029569550586}",20,0,-25.00486595500416,"{0: 18, 1: 0, 2: 1, 3: 0, 4: 1}",0
402,False,"{'a': 0.5, 'e': 0.13398867466880493}",20,7,20.503258226059398,"{0: 12, 1: 1, 2: 0, 3: 0, 4: 0}",1
403,False,"{'a': 0.5, 'e': 0.13332040336594936}",30,2,26.04386401834377,"{0: 27, 1: 0, 2: 1, 3: 0, 4: 0}",1
404,False,"{'a': 0.5, 'e': 0.13265546508012172}",30,17,-34.82732573999608,"{0: 10, 1: 1, 2: 1, 3: 0, 4: 1}",1
405,False,"{'a': 0.5, 'e': 0.13199384318783022}",25,15,17.167004780976303,"{0: 10, 1: 0, 2: 0, 3: 0, 4: 0}",1
406,False,"{'a': 0.5, 'e': 0.13133552114849303}",25,0,35.07632251219523,"{0: 25, 1: 0, 2: 0, 3: 0, 4: 0}",0
407,False,"{'a': 0.5, 'e': 0.13068048250402503}",20,6,24.35092569384972,"{0: 14, 1: 0, 2: 0, 3: 0, 4: 0}",1
408,False,"{'a': 0.5, 'e': 0.1300287108784259}",30,19,16.554204334432967,"{0: 11, 1: 0, 2: 0, 3: 0, 4: 0}",1
409,False,"{'a': 0.5, 'e': 0.12938018997737108}",30,16,-12.9565157626188,"{0: 13, 1: 0, 2: 0, 3: 0, 4: 1}",1
410,False,"{'a': 0.5, 'e': 0.12873490358780423}",25,3,33.392413262597245,"{0: 22, 1: 0, 2: 0, 3: 0, 4: 0}",1
411,False,"{'a': 0.5, 'e': 0.12809283557753198}",30,20,20.945216220070243,"{0: 10, 1: 0, 2: 0, 3: 0, 4: 0}",1
412,False,"{'a': 0.5, 'e': 0.12745396989482075}",20,11,-20.063896921700863,"{0: 6, 1: 2, 2: 0, 3: 1, 4: 0}",1
413,False,"{'a': 0.5, 'e': 0.1268182905679951}",20,0,-22.006486892643398,"{0: 18, 1: 0, 2: 1, 3: 0, 4: 1}",0
414,False,"{'a': 0.5, 'e': 0.12618578170503877}",25,11,26.15702720487171,"{0: 14, 1: 0, 2: 0, 3: 0, 4: 0}",1
415,False,"{'a': 0.5, 'e': 0.1255564274931972}",20,13,9.970972363947574,"{0: 7, 1: 0, 2: 0, 3: 0, 4: 0}",1
416,False,"{'a': 0.5, 'e': 0.12493021219858241}",30,4,18.27857720907939,"{0: 25, 1: 0, 2: 0, 3: 1, 4: 0}",1
417,False,"{'a': 0.5, 'e': 0.12430712016577938}",20,10,6.72527402517221,"{0: 9, 1: 0, 2: 1, 3: 0, 4: 0}",1
418,False,"{'a': 0.5, 'e': 0.12368713581745483}",25,5,16.040141911452395,"{0: 19, 1: 0, 2: 1, 3: 0, 4: 0}",1
419,False,"{'a': 0.5, 'e': 0.12307024365396771}",25,8,0.7932142464725,"{0: 15, 1: 0, 2: 2, 3: 0, 4: 0}",1
420,False,"{'a': 0.5, 'e': 0.1224564282529819}",30,3,-4.813300898976425,"{0: 25, 1: 0, 2: 1, 3: 0, 4: 1}",1
421,False,"{'a': 0.5, 'e': 0.12184567426908036}",20,16,8.276807918289874,"{0: 4, 1: 0, 2: 0, 3: 0, 4: 0}",1
422,False,"{'a': 0.5, 'e': 0.12123796643338168}",20,8,21.700092156733124,"{0: 12, 1: 0, 2: 0, 3: 0, 4: 0}",1
423,False,"{'a': 0.5, 'e': 0.12063328955315826}",25,11,23.113241751489845,"{0: 14, 1: 0, 2: 0, 3: 0, 4: 0}",1
424,False,"{'a': 0.5, 'e': 0.12003162851145673}",20,3,29.28545884021293,"{0: 17, 1: 0, 2: 0, 3: 0, 4: 0}",1
425,False,"{'a': 0.5, 'e': 0.11943296826671962}",25,12,21.547434321631755,"{0: 13, 1: 0, 2: 0, 3: 0, 4: 0}",1
426,False,"{'a': 0.5, 'e': 0.11883729385240965}",20,3,3.8785862266032956,"{0: 16, 1: 0, 2: 0, 3: 1, 4: 0}",1
427,False,"{'a': 0.5, 'e': 0.1182445903766354}",25,18,12.571525237181174,"{0: 7, 1: 0, 2: 0, 3: 0, 4: 0}",1
428,False,"{'a': 0.5, 'e': 0.11765484302177918}",25,0,-18.017531558039394,"{0: 22, 1: 1, 2: 1, 3: 0, 4: 1}",0
429,False,"{'a': 0.5, 'e': 0.11706803704412637}",25,11,25.710884191626363,"{0: 14, 1: 0, 2: 0, 3: 0, 4: 0}",1
430,False,"{'a': 0.5, 'e': 0.11648415777349697}",20,10,20.82557280943572,"{0: 10, 1: 0, 2: 0, 3: 0, 4: 0}",1
431,False,"{'a': 0.5, 'e': 0.11590319061287874}",30,13,26.256669633114296,"{0: 17, 1: 0, 2: 0, 3: 0, 4: 0}",1
432,False,"{'a': 0.5, 'e': 0.11532512103806251}",20,0,33.17649002656115,"{0: 20, 1: 0, 2: 0, 3: 0, 4: 0}",1
433,False,"{'a': 0.5, 'e': 0.11474993459727875}",25,5,13.443426408177169,"{0: 18, 1: 1, 2: 1, 3: 0, 4: 0}",1
434,False,"{'a': 0.5, 'e': 0.1141776169108365}",20,1,-10.128602555277816,"{0: 18, 1: 0, 2: 0, 3: 0, 4: 1}",1
435,False,"{'a': 0.5, 'e': 0.11360815367076371}",20,0,16.562778529599235,"{0: 19, 1: 0, 2: 1, 3: 0, 4: 0}",0
436,False,"{'a': 0.5, 'e': 0.11304153064044985}",20,14,11.86677021986409,"{0: 6, 1: 0, 2: 0, 3: 0, 4: 0}",1
437,False,"{'a': 0.5, 'e': 0.11247773365428958}",20,0,27.805181597962132,"{0: 20, 1: 0, 2: 0, 3: 0, 4: 0}",0
438,False,"{'a': 0.5, 'e': 0.11191674861732888}",25,14,19.798580408812654,"{0: 11, 1: 0, 2: 0, 3: 0, 4: 0}",1
439,False,"{'a': 0.5, 'e': 0.11135856150491262}",25,12,17.199217074455376,"{0: 13, 1: 0, 2: 0, 3: 0, 4: 0}",1
440,False,"{'a': 0.5, 'e': 0.11080315836233387}",30,18,25.759201676091024,"{0: 12, 1: 0, 2: 0, 3: 0, 4: 0}",1
441,False,"{'a': 0.5, 'e': 0.11025052530448522}",25,12,6.906396803262664,"{0: 12, 1: 0, 2: 1, 3: 0, 4: 0}",1
442,False,"{'a': 0.5, 'e': 0.10970064851551141}",25,17,14.155066882739478,"{0: 8, 1: 0, 2: 0, 3: 0, 4: 0}",1
443,False,"{'a': 0.5, 'e': 0.10915351424846406}",25,3,-30.728511596686115,"{0: 19, 1: 0, 2: 2, 3: 0, 4: 1}",1
444,False,"{'a': 0.5, 'e': 0.10860910882495796}",35,0,15.875248499619396,"{0: 33, 1: 0, 2: 1, 3: 1, 4: 0}",0
445,False,"{'a': 0.5, 'e': 0.10806741863482926}",20,10,16.393761476786956,"{0: 10, 1: 0, 2: 0, 3: 0, 4: 0}",1
446,False,"{'a': 0.5, 'e': 0.10752843013579495}",20,10,-2.0749502474237094,"{0: 9, 1: 0, 2: 0, 3: 1, 4: 0}",1
447,False,"{'a': 0.5, 'e': 0.10699212985311449}",35,9,8.751469703795525,"{0: 23, 1: 0, 2: 3, 3: 0, 4: 0}",1
448,False,"{'a': 0.5, 'e': 0.1064585043792528}",30,21,2.701078852105079,"{0: 7, 1: 2, 2: 0, 3: 0, 4: 0}",1
449,False,"{'a': 0.5, 'e': 0.10592754037354536}",20,11,16.371455754475008,"{0: 9, 1: 0, 2: 0, 3: 0, 4: 0}",1
450,False,"{'a': 0.5, 'e': 0.10539922456186433}",30,13,27.11559872529787,"{0: 17, 1: 0, 2: 0, 3: 0, 4: 0}",1
451,False,"{'a': 0.5, 'e': 0.1048735437362869}",20,9,5.901457868912787,"{0: 10, 1: 0, 2: 1, 3: 0, 4: 0}",1
452,False,"{'a': 0.5, 'e': 0.104350484754765}",25,11,25.212777792820685,"{0: 14, 1: 0, 2: 0, 3: 0, 4: 0}",1
453,False,"{'a': 0.5, 'e': 0.10383003454079692}",25,12,12.162216319938258,"{0: 11, 1: 2, 2: 0, 3: 0, 4: 0}",1
454,False,"{'a': 0.5, 'e': 0.1033121800831002}",25,9,13.937794994657798,"{0: 15, 1: 0, 2: 1, 3: 0, 4: 0}",1
455,False,"{'a': 0.5, 'e': 0.1027969084352864}",20,12,12.502734719523163,"{0: 8, 1: 0, 2: 0, 3: 0, 4: 0}",1
456,False,"{'a': 0.5, 'e': 0.10228420671553744}",20,8,-9.362884907810288,"{0: 10, 1: 0, 2: 1, 3: 1, 4: 0}",1
457,False,"{'a': 0.5, 'e': 0.10177406210628372}",20,0,26.54807162823238,"{0: 20, 1: 0, 2: 0, 3: 0, 4: 0}",0
458,False,"{'a': 0.5, 'e': 0.1012664618538834}",25,13,13.94234808624547,"{0: 11, 1: 0, 2: 1, 3: 0, 4: 0}",1
459,False,"{'a': 0.5, 'e': 0.10076139326830373}",20,10,-22.237313698267936,"{0: 9, 1: 0, 2: 0, 3: 0, 4: 1}",1
460,False,"{'a': 0.5, 'e': 0.1002588437228037}",20,0,20.334913868925092,"{0: 19, 1: 1, 2: 0, 3: 0, 4: 0}",0
461,False,"{'a': 0.5, 'e': 0.09975880065361863}",30,13,21.531711066373656,"{0: 16, 1: 1, 2: 0, 3: 0, 4: 0}",1
462,False,"{'a': 0.5, 'e': 0.09926125155964566}",30,15,28.989196131078366,"{0: 15, 1: 0, 2: 0, 3: 0, 4: 0}",1
463,False,"{'a': 0.5, 'e': 0.09876618400213154}",30,0,26.693126899859905,"{0: 29, 1: 1, 2: 0, 3: 0, 4: 0}",0
464,False,"{'a': 0.5, 'e': 0.09827358560436154}",25,3,21.93459961617747,"{0: 21, 1: 0, 2: 1, 3: 0, 4: 0}",1
465,False,"{'a': 0.5, 'e': 0.09778344405135005}",20,1,29.785286189532734,"{0: 19, 1: 0, 2: 0, 3: 0, 4: 0}",1
466,False,"{'a': 0.5, 'e': 0.09729574708953276}",25,16,16.377610591545647,"{0: 9, 1: 0, 2: 0, 3: 0, 4: 0}",1
467,False,"{'a': 0.5, 'e': 0.09681048252646021}",20,13,13.899195944753329,"{0: 7, 1: 0, 2: 0, 3: 0, 4: 0}",1
468,False,"{'a': 0.5, 'e': 0.09632763823049303}",25,15,16.664337465986037,"{0: 10, 1: 0, 2: 0, 3: 0, 4: 0}",1
469,False,"{'a': 0.5, 'e': 0.09584720213049865}",35,22,14.563277571067104,"{0: 12, 1: 0, 2: 1, 3: 0, 4: 0}",1
470,False,"{'a': 0.5, 'e': 0.09536916221554961}",25,8,27.8815924743047,"{0: 17, 1: 0, 2: 0, 3: 0, 4: 0}",1
471,False,"{'a': 0.5, 'e': 0.09489350653462311}",25,0,25.430511595084628,"{0: 24, 1: 0, 2: 1, 3: 0, 4: 0}",1
472,False,"{'a': 0.5, 'e': 0.09442022319630235}",35,1,-31.948077635660372,"{0: 32, 1: 0, 2: 0, 3: 0, 4: 2}",1
473,False,"{'a': 0.5, 'e': 0.09394930036847918}",30,3,35.30228498227176,"{0: 27, 1: 0, 2: 0, 3: 0, 4: 0}",1
474,False,"{'a': 0.5, 'e': 0.09348072627805847}",30,20,11.458122766216492,"{0: 9, 1: 1, 2: 0, 3: 0, 4: 0}",1
475,False,"{'a': 0.5, 'e': 0.09301448921066349}",20,11,18.018263219113816,"{0: 9, 1: 0, 2: 0, 3: 0, 4: 0}",1
476,False,"{'a': 0.5, 'e': 0.09255057751034329}",25,0,37.33395777318769,"{0: 25, 1: 0, 2: 0, 3: 0, 4: 0}",0
477,False,"{'a': 0.5, 'e': 0.09208897957928115}",20,10,21.024459803665387,"{0: 10, 1: 0, 2: 0, 3: 0, 4: 0}",1
478,False,"{'a': 0.5, 'e': 0.09162968387750484}",20,9,20.74294683029431,"{0: 11, 1: 0, 2: 0, 3: 0, 4: 0}",1
479,False,"{'a': 0.5, 'e': 0.09117267892259785}",30,19,21.166749754579726,"{0: 11, 1: 0, 2: 0, 3: 0, 4: 0}",1
480,False,"{'a': 0.5, 'e': 0.09071795328941251}",25,20,10.882969990753288,"{0: 5, 1: 0, 2: 0, 3: 0, 4: 0}",1
481,False,"{'a': 0.5, 'e': 0.09026549560978427}",20,7,18.880858052202672,"{0: 13, 1: 0, 2: 0, 3: 0, 4: 0}",1
482,False,"{'a': 0.5, 'e': 0.08981529457224763}",20,8,22.172966196247998,"{0: 12, 1: 0, 2: 0, 3: 0, 4: 0}",1
483,False,"{'a': 0.5, 'e': 0.08936733892175319}",20,2,24.167919012060665,"{0: 17, 1: 1, 2: 0, 3: 0, 4: 0}",1
484,False,"{'a': 0.5, 'e': 0.08892161745938634}",20,16,6.197743980090845,"{0: 4, 1: 0, 2: 0, 3: 0, 4: 0}",1
485,False,"{'a': 0.5, 'e': 0.08847811904208727}",30,13,33.13448738956011,"{0: 17, 1: 0, 2: 0, 3: 0, 4: 0}",1
486,False,"{'a': 0.5, 'e': 0.08803683258237255}",30,13,25.74239211144041,"{0: 16, 1: 1, 2: 0, 3: 0, 4: 0}",1
487,False,"{'a': 0.5, 'e': 0.08759774704805763}",25,15,17.732701662396842,"{0: 10, 1: 0, 2: 0, 3: 0, 4: 0}",1
488,False,"{'a': 0.5, 'e': 0.0871608514619813}",20,10,-5.150086720521491,"{0: 9, 1: 0, 2: 0, 3: 1, 4: 0}",1
489,False,"{'a': 0.5, 'e': 0.08672613490173114}",20,12,16.62514916772129,"{0: 8, 1: 0, 2: 0, 3: 0, 4: 0}",1
490,False,"{'a': 0.5, 'e': 0.0862935864993705}",25,0,9.189232429267506,"{0: 22, 1: 2, 2: 1, 3: 0, 4: 0}",0
491,False,"{'a': 0.5, 'e': 0.08586319544116683}",20,11,18.893026881209092,"{0: 9, 1: 0, 2: 0, 3: 0, 4: 0}",1
492,False,"{'a': 0.5, 'e': 0.08543495096732123}",20,7,21.15855124537373,"{0: 13, 1: 0, 2: 0, 3: 0, 4: 0}",1
493,False,"{'a': 0.5, 'e': 0.08500884237169956}",25,13,22.218516817946277,"{0: 12, 1: 0, 2: 0, 3: 0, 4: 0}",1
494,False,"{'a': 0.5, 'e': 0.08458485900156469}",20,6,1.7082506112321398,"{0: 12, 1: 0, 2: 2, 3: 0, 4: 0}",1
495,False,"{'a': 0.5, 'e': 0.08416299025731036}",25,1,41.44254961363243,"{0: 24, 1: 0, 2: 0, 3: 0, 4: 0}",1
496,False,"{'a': 0.5, 'e': 0.08374322559219596}",20,6,21.495366277225738,"{0: 14, 1: 0, 2: 0, 3: 0, 4: 0}",1
497,False,"{'a': 0.5, 'e': 0.083325554512083}",20,9,20.335478220459375,"{0: 11, 1: 0, 2: 0, 3: 0, 4: 0}",1
498,False,"{'a': 0.5, 'e': 0.08290996657517266}",20,9,21.021035128960495,"{0: 11, 1: 0, 2: 0, 3: 0, 4: 0}",1
499,False,"{'a': 0.5, 'e': 0.08249645139174498}",20,8,21.233291903871013,"{0: 12, 1: 0, 2: 0, 3: 0, 4: 0}",1
500,False,"{'a': 0.5, 'e': 0.0820849986238988}",25,7,-2.1483870253667225,"{0: 16, 1: 0, 2: 1, 3: 1, 4: 0}",1
501,False,"{'a': 0.5, 'e': 0.08167559798529346}",20,14,2.878940854510361,"{0: 5, 1: 1, 2: 0, 3: 0, 4: 0}",1
502,False,"{'a': 0.5, 'e': 0.08126823924089167}",20,0,24.565790756548434,"{0: 19, 1: 0, 2: 1, 3: 0, 4: 0}",1
503,False,"{'a': 0.5, 'e': 0.08086291220670366}",25,7,26.31880608122622,"{0: 18, 1: 0, 2: 0, 3: 0, 4: 0}",1
504,False,"{'a': 0.5, 'e': 0.08045960674953244}",30,17,22.614279179645298,"{0: 13, 1: 0, 2: 0, 3: 0, 4: 0}",1
505,False,"{'a': 0.5, 'e': 0.08005831278672054}",25,2,31.015984422635423,"{0: 22, 1: 1, 2: 0, 3: 0, 4: 0}",1
506,False,"{'a': 0.5, 'e': 0.07965902028589801}",20,16,7.29316557771936,"{0: 4, 1: 0, 2: 0, 3: 0, 4: 0}",1
507,False,"{'a': 0.5, 'e': 0.07926171926473155}",30,3,42.542089331630905,"{0: 27, 1: 0, 2: 0, 3: 0, 4: 0}",1
508,False,"{'a': 0.5, 'e': 0.07886639979067495}",20,0,-24.39588082220334,"{0: 18, 1: 0, 2: 1, 3: 0, 4: 1}",0
509,False,"{'a': 0.5, 'e': 0.07847305198072073}",20,5,24.818142969797723,"{0: 15, 1: 0, 2: 0, 3: 0, 4: 0}",1
510,False,"{'a': 0.5, 'e': 0.07808166600115313}",25,14,24.429526242455747,"{0: 11, 1: 0, 2: 0, 3: 0, 4: 0}",1
511,False,"{'a': 0.5, 'e': 0.07769223206730236}",25,11,12.02337387724923,"{0: 13, 1: 0, 2: 1, 3: 0, 4: 0}",1
512,False,"{'a': 0.5, 'e': 0.07730474044329974}",25,8,21.82928886891188,"{0: 16, 1: 0, 2: 1, 3: 0, 4: 0}",1
513,False,"{'a': 0.5, 'e': 0.0769191814418345}",25,8,-20.59255582279323,"{0: 15, 1: 0, 2: 1, 3: 0, 4: 1}",1
514,False,"{'a': 0.5, 'e': 0.07653554542391151}",25,10,25.38474202953975,"{0: 15, 1: 0, 2: 0, 3: 0, 4: 0}",1
515,False,"{'a': 0.5, 'e': 0.07615382279861033}",20,2,-9.686925579934837,"{0: 17, 1: 0, 2: 0, 3: 0, 4: 1}",1
516,False,"{'a': 0.5, 'e': 0.07577400402284548}",20,12,14.837830173254556,"{0: 8, 1: 0, 2: 0, 3: 0, 4: 0}",1
517,False,"{'a': 0.5, 'e': 0.07539607960112776}",20,16,8.095376601305754,"{0: 4, 1: 0, 2: 0, 3: 0, 4: 0}",1
518,False,"{'a': 0.5, 'e': 0.07502004008532698}",25,9,28.011836685574508,"{0: 16, 1: 0, 2: 0, 3: 0, 4: 0}",1
519,False,"{'a': 0.5, 'e': 0.07464587607443557}",30,17,22.023806795891907,"{0: 13, 1: 0, 2: 0, 3: 0, 4: 0}",1
520,False,"{'a': 0.5, 'e': 0.07427357821433388}",30,17,23.115834211974512,"{0: 13, 1: 0, 2: 0, 3: 0, 4: 0}",1
521,False,"{'a': 0.5, 'e': 0.07390313719755595}",20,3,15.798853097217103,"{0: 16, 1: 0, 2: 1, 3: 0, 4: 0}",1
522,False,"{'a': 0.5, 'e': 0.0735345437630571}",20,11,18.156757554959633,"{0: 9, 1: 0, 2: 0, 3: 0, 4: 0}",1
523,False,"{'a': 0.5, 'e': 0.07316778869598221}",30,12,24.02152595235326,"{0: 17, 1: 0, 2: 1, 3: 0, 4: 0}",1
524,False,"{'a': 0.5, 'e': 0.07280286282743559}",20,11,1.788641011978195,"{0: 8, 1: 0, 2: 1, 3: 0, 4: 0}",1
525,False,"{'a': 0.5, 'e': 0.07243975703425146}",20,14,13.444126646330243,"{0: 6, 1: 0, 2: 0, 3: 0, 4: 0}",1
526,False,"{'a': 0.5, 'e': 0.0720784622387661}",25,13,14.175343998395581,"{0: 11, 1: 1, 2: 0, 3: 0, 4: 0}",1
527,False,"{'a': 0.5, 'e': 0.07171896940859077}",20,4,-18.61044162278211,"{0: 15, 1: 0, 2: 0, 3: 0, 4: 1}",1
528,False,"{'a': 0.5, 'e': 0.07136126955638605}",25,15,19.568622723565976,"{0: 10, 1: 0, 2: 0, 3: 0, 4: 0}",1
529,False,"{'a': 0.5, 'e': 0.07100535373963698}",20,10,17.840999748007995,"{0: 10, 1: 0, 2: 0, 3: 0, 4: 0}",1
530,False,"{'a': 0.5, 'e': 0.0706512130604296}",25,14,17.916072945857078,"{0: 10, 1: 1, 2: 0, 3: 0, 4: 0}",1
531,False,"{'a': 0.5, 'e': 0.07029883866522844}",25,5,-11.047122862194316,"{0: 19, 1: 0, 2: 0, 3: 0, 4: 1}",1
532,False,"{'a': 0.5, 'e': 0.06994822174465536}",35,28,15.689168839791606,"{0: 7, 1: 0, 2: 0, 3: 0, 4: 0}",1
533,False,"{'a': 0.5, 'e': 0.06959935353326901}",20,9,-4.750424054087927,"{0: 10, 1: 0, 2: 0, 3: 1, 4: 0}",1
534,False,"{'a': 0.5, 'e': 0.069252225309346}",30,7,38.40052298882351,"{0: 23, 1: 0, 2: 0, 3: 0, 4: 0}",1
535,False,"{'a': 0.5, 'e': 0.06890682839466256}",20,3,18.364070081493022,"{0: 16, 1: 0, 2: 1, 3: 0, 4: 0}",1
536,False,"{'a': 0.5, 'e': 0.06856315415427791}",30,16,22.56670749612011,"{0: 14, 1: 0, 2: 0, 3: 0, 4: 0}",1
537,False,"{'a': 0.5, 'e': 0.06822119399631812}",20,6,-11.671836135524098,"{0: 12, 1: 0, 2: 1, 3: 1, 4: 0}",1
538,False,"{'a': 0.5, 'e': 0.06788093937176144}",20,10,18.399993093385476,"{0: 10, 1: 0, 2: 0, 3: 0, 4: 0}",1
539,False,"{'a': 0.5, 'e': 0.06754238177422452}",20,16,5.293124229093513,"{0: 4, 1: 0, 2: 0, 3: 0, 4: 0}",1
540,False,"{'a': 0.5, 'e': 0.06720551273974976}",20,7,21.858971087010115,"{0: 13, 1: 0, 2: 0, 3: 0, 4: 0}",1
541,False,"{'a': 0.5, 'e': 0.0668703238465938}",20,16,8.333447250562326,"{0: 4, 1: 0, 2: 0, 3: 0, 4: 0}",1
542,False,"{'a': 0.5, 'e': 0.06653680671501686}",25,13,22.135099793499663,"{0: 12, 1: 0, 2: 0, 3: 0, 4: 0}",1
543,False,"{'a': 0.5, 'e': 0.06620495300707324}",25,18,10.834464145141864,"{0: 7, 1: 0, 2: 0, 3: 0, 4: 0}",1
544,False,"{'a': 0.5, 'e': 0.06587475442640295}",30,20,21.200210352620708,"{0: 10, 1: 0, 2: 0, 3: 0, 4: 0}",1
545,False,"{'a': 0.5, 'e': 0.06554620271802433}",30,15,19.540245395071096,"{0: 14, 1: 1, 2: 0, 3: 0, 4: 0}",1
546,False,"{'a': 0.5, 'e': 0.06521928966812753}",30,1,29.07669257606475,"{0: 28, 1: 0, 2: 1, 3: 0, 4: 0}",1
547,False,"{'a': 0.5, 'e': 0.06489400710386926}",20,16,9.099470196209896,"{0: 4, 1: 0, 2: 0, 3: 0, 4: 0}",1
548,False,"{'a': 0.5, 'e': 0.06457034689316847}",20,0,33.12128460732267,"{0: 20, 1: 0, 2: 0, 3: 0, 4: 0}",0
549,False,"{'a': 0.5, 'e': 0.06424830094450308}",20,13,13.36284938894536,"{0: 7, 1: 0, 2: 0, 3: 0, 4: 0}",1
550,False,"{'a': 0.5, 'e': 0.06392786120670757}",25,9,26.745052744198638,"{0: 16, 1: 0, 2: 0, 3: 0, 4: 0}",1
551,False,"{'a': 0.5, 'e': 0.0636090196687718}",20,2,29.30636000263698,"{0: 18, 1: 0, 2: 0, 3: 0, 4: 0}",1
552,False,"{'a': 0.5, 'e': 0.0632917683596407}",30,0,-25.937579195565675,"{0: 28, 1: 0, 2: 0, 3: 1, 4: 1}",0
553,False,"{'a': 0.5, 'e': 0.06297609934801507}",20,14,12.303005111392393,"{0: 6, 1: 0, 2: 0, 3: 0, 4: 0}",1
554,False,"{'a': 0.5, 'e': 0.06266200474215315}",25,0,11.28483609552502,"{0: 23, 1: 0, 2: 1, 3: 1, 4: 0}",1
555,False,"{'a': 0.5, 'e': 0.06234947668967343}",20,10,-4.043895637473321,"{0: 9, 1: 0, 2: 0, 3: 1, 4: 0}",1
556,False,"{'a': 0.5, 'e': 0.06203850737735829}",25,11,28.19342682490295,"{0: 14, 1: 0, 2: 0, 3: 0, 4: 0}",1
557,False,"{'a': 0.5, 'e': 0.06172908903095879}",30,18,19.187184126373836,"{0: 12, 1: 0, 2: 0, 3: 0, 4: 0}",1
558,False,"{'a': 0.5, 'e': 0.06142121391500013}",25,0,40.80536955450139,"{0: 25, 1: 0, 2: 0, 3: 0, 4: 0}",0
559,False,"{'a': 0.5, 'e': 0.06111487433258836}",20,6,23.721435248201665,"{0: 14, 1: 0, 2: 0, 3: 0, 4: 0}",1
560,False,"{'a': 0.5, 'e': 0.06081006262521795}",25,11,26.145596495593743,"{0: 14, 1: 0, 2: 0, 3: 0, 4: 0}",1
561,False,"{'a': 0.5, 'e': 0.06050677117258039}",30,7,36.338242873904946,"{0: 23, 1: 0, 2: 0, 3: 0, 4: 0}",1
562,False,"{'a': 0.5, 'e': 0.06020499239237354}",20,0,-34.851187910429154,"{0: 18, 1: 0, 2: 0, 3: 1, 4: 1}",0
563,False,"{'a': 0.5, 'e': 0.05990471874011218}",30,0,38.58341083547308,"{0: 29, 1: 0, 2: 1, 3: 0, 4: 0}",0
564,False,"{'a': 0.5, 'e': 0.05960594270893937}",20,2,28.54637949917221,"{0: 18, 1: 0, 2: 0, 3: 0, 4: 0}",1
565,False,"{'a': 0.5, 'e': 0.05930865682943872}",20,12,15.051256097312454,"{0: 8, 1: 0, 2: 0, 3: 0, 4: 0}",1
566,False,"{'a': 0.5, 'e': 0.05901285366944784}",20,0,23.979092051956517,"{0: 20, 1: 0, 2: 0, 3: 0, 4: 0}",0
567,False,"{'a': 0.5, 'e': 0.058718525833872284}",35,12,37.501693571502514,"{0: 23, 1: 0, 2: 0, 3: 0, 4: 0}",1
568,False,"{'a': 0.5, 'e': 0.05842566596450083}",20,0,-12.483935280646486,"{0: 19, 1: 0, 2: 0, 3: 0, 4: 1}",0
569,False,"{'a': 0.5, 'e': 0.058134266739821465}",20,9,9.491442214446685,"{0: 10, 1: 0, 2: 1, 3: 0, 4: 0}",1
570,False,"{'a': 0.5, 'e': 0.057844320874838456}",20,7,14.946194306858825,"{0: 12, 1: 0, 2: 1, 3: 0, 4: 0}",1
571,False,"{'a': 0.5, 'e': 0.05755582112089005}",20,14,10.98221969890226,"{0: 6, 1: 0, 2: 0, 3: 0, 4: 0}",1
572,False,"{'a': 0.5, 'e': 0.05726876026546736}",20,10,5.029739002752496,"{0: 9, 1: 0, 2: 1, 3: 0, 4: 0}",1
573,False,"{'a': 0.5, 'e': 0.056983131132034036}",20,1,28.48764617627094,"{0: 18, 1: 1, 2: 0, 3: 0, 4: 0}",1
574,False,"{'a': 0.5, 'e': 0.0566989265798469}",35,16,34.66539138525927,"{0: 19, 1: 0, 2: 0, 3: 0, 4: 0}",1
575,False,"{'a': 0.5, 'e': 0.05641613950377735}",20,6,21.16252704141487,"{0: 14, 1: 0, 2: 0, 3: 0, 4: 0}",1
576,False,"{'a': 0.5, 'e': 0.056134762834133725}",30,10,19.774181487286814,"{0: 19, 1: 0, 2: 1, 3: 0, 4: 0}",1
577,False,"{'a': 0.5, 'e': 0.05585478953648462}",30,9,14.578673089222654,"{0: 20, 1: 0, 2: 0, 3: 1, 4: 0}",1
578,False,"{'a': 0.5, 'e': 0.05557621261148306}",25,0,27.635537530092602,"{0: 24, 1: 0, 2: 1, 3: 0, 4: 0}",0
579,False,"{'a': 0.5, 'e': 0.05529902509469138}",25,14,20.656056242059865,"{0: 11, 1: 0, 2: 0, 3: 0, 4: 0}",1
580,False,"{'a': 0.5, 'e': 0.05502322005640723}",30,19,6.7099706735570885,"{0: 10, 1: 0, 2: 1, 3: 0, 4: 0}",1
581,False,"{'a': 0.5, 'e': 0.054748790601490266}",20,0,-67.29944559009417,"{0: 17, 1: 0, 2: 1, 3: 0, 4: 2}",1
582,False,"{'a': 0.5, 'e': 0.05447572986918986}",20,13,14.645321621068298,"{0: 7, 1: 0, 2: 0, 3: 0, 4: 0}",1
583,False,"{'a': 0.5, 'e': 0.054204031032973464}",25,16,14.510629200903338,"{0: 9, 1: 0, 2: 0, 3: 0, 4: 0}",1
584,False,"{'a': 0.5, 'e': 0.05393368730035602}",30,13,20.884203292644855,"{0: 16, 1: 0, 2: 1, 3: 0, 4: 0}",1
585,False,"{'a': 0.5, 'e': 0.05366469191273011}",25,16,17.168331099469164,"{0: 9, 1: 0, 2: 0, 3: 0, 4: 0}",1
586,False,"{'a': 0.5, 'e': 0.053397038145197084}",30,3,17.448964539851154,"{0: 26, 1: 0, 2: 0, 3: 1, 4: 0}",1
587,False,"{'a': 0.5, 'e': 0.05313071930639878}",20,13,3.3826234737360847,"{0: 6, 1: 0, 2: 1, 3: 0, 4: 0}",1
588,False,"{'a': 0.5, 'e': 0.05286572873835037}",25,20,9.525528527863521,"{0: 5, 1: 0, 2: 0, 3: 0, 4: 0}",1
589,False,"{'a': 0.5, 'e': 0.05260205981627384}",30,0,-32.349588080488104,"{0: 28, 1: 0, 2: 0, 3: 0, 4: 2}",0
590,False,"{'a': 0.5, 'e': 0.05233970594843238}",20,7,20.95686288235554,"{0: 13, 1: 0, 2: 0, 3: 0, 4: 0}",1
591,False,"{'a': 0.5, 'e': 0.05207866057596569}",25,10,20.049281959226303,"{0: 14, 1: 1, 2: 0, 3: 0, 4: 0}",1
592,False,"{'a': 0.5, 'e': 0.05181891717272583}",20,0,28.48068313980561,"{0: 19, 1: 1, 2: 0, 3: 0, 4: 0}",0
593,False,"{'a': 0.5, 'e': 0.0515604692451142}",20,15,10.577766075874857,"{0: 5, 1: 0, 2: 0, 3: 0, 4: 0}",1
594,False,"{'a': 0.5, 'e': 0.05130331033191911}",30,7,42.54196393871842,"{0: 23, 1: 0, 2: 0, 3: 0, 4: 0}",1
595,False,"{'a': 0.5, 'e': 0.051047434004154395}",35,18,25.639278798278536,"{0: 16, 1: 1, 2: 0, 3: 0, 4: 0}",1
596,False,"{'a': 0.5, 'e': 0.0507928338648985}",25,3,26.88719686710309,"{0: 21, 1: 0, 2: 1, 3: 0, 4: 0}",1
597,False,"{'a': 0.5, 'e': 0.050539503549134696}",20,0,29.18304554018285,"{0: 20, 1: 0, 2: 0, 3: 0, 4: 0}",0
598,False,"{'a': 0.5, 'e': 0.050287436723591865}",30,19,22.193770596412485,"{0: 11, 1: 0, 2: 0, 3: 0, 4: 0}",1
599,False,"{'a': 0.5, 'e': 0.05003662708658628}",20,10,16.26654966186932,"{0: 10, 1: 0, 2: 0, 3: 0, 4: 0}",1
600,False,"{'a': 0.5, 'e': 0.049787068367863944}",20,14,9.204496927082054,"{0: 6, 1: 0, 2: 0, 3: 0, 4: 0}",1
601,False,"{'a': 0.5, 'e': 0.04953875432844388}",35,12,44.822532448941026,"{0: 23, 1: 0, 2: 0, 3: 0, 4: 0}",1
602,False,"{'a': 0.5, 'e': 0.04929167876046215}",20,12,14.408647866394277,"{0: 8, 1: 0, 2: 0, 3: 0, 4: 0}",1
603,False,"{'a': 0.5, 'e': 0.04904583548701673}",20,11,16.84161891087239,"{0: 9, 1: 0, 2: 0, 3: 0, 4: 0}",1
604,False,"{'a': 0.5, 'e': 0.04880121836201296}",20,3,0.8663631623499519,"{0: 15, 1: 0, 2: 2, 3: 0, 4: 0}",1
605,False,"{'a': 0.5, 'e': 0.048557821270009974}",35,26,9.851484266503787,"{0: 8, 1: 1, 2: 0, 3: 0, 4: 0}",1
606,False,"{'a': 0.5, 'e': 0.04831563812606777}",30,4,-3.5676414107588643,"{0: 25, 1: 0, 2: 0, 3: 0, 4: 1}",1
607,False,"{'a': 0.5, 'e': 0.04807466287559518}",20,9,19.560749397908126,"{0: 11, 1: 0, 2: 0, 3: 0, 4: 0}",1
608,False,"{'a': 0.5, 'e': 0.04783488949419837}",20,13,16.905517619255285,"{0: 7, 1: 0, 2: 0, 3: 0, 4: 0}",1
609,False,"{'a': 0.5, 'e': 0.04759631198753032}",30,14,28.06444048185519,"{0: 16, 1: 0, 2: 0, 3: 0, 4: 0}",1
610,False,"{'a': 0.5, 'e': 0.04735892439114091}",20,16,8.345926006512851,"{0: 4, 1: 0, 2: 0, 3: 0, 4: 0}",1
611,False,"{'a': 0.5, 'e': 0.04712272077032791}",25,11,26.49429312474463,"{0: 14, 1: 0, 2: 0, 3: 0, 4: 0}",1
612,False,"{'a': 0.5, 'e': 0.046887695219988486}",30,20,21.265158497315007,"{0: 10, 1: 0, 2: 0, 3: 0, 4: 0}",1
613,False,"{'a': 0.5, 'e': 0.04665384186447163}",30,6,25.87571306348464,"{0: 23, 1: 0, 2: 1, 3: 0, 4: 0}",1
614,False,"{'a': 0.5, 'e': 0.04642115485743125}",30,21,16.394075147413556,"{0: 9, 1: 0, 2: 0, 3: 0, 4: 0}",1
615,False,"{'a': 0.5, 'e': 0.0461896283816801}",20,13,15.381275260646415,"{0: 7, 1: 0, 2: 0, 3: 0, 4: 0}",1
616,False,"{'a': 0.5, 'e': 0.045959256649044204}",30,18,25.553528752946104,"{0: 12, 1: 0, 2: 0, 3: 0, 4: 0}",1
617,False,"{'a': 0.5, 'e': 0.04573003390021825}",25,15,18.887826104786008,"{0: 10, 1: 0, 2: 0, 3: 0, 4: 0}",1
618,False,"{'a': 0.5, 'e': 0.04550195440462157}",30,0,44.78416877837505,"{0: 30, 1: 0, 2: 0, 3: 0, 4: 0}",0
619,False,"{'a': 0.5, 'e': 0.045275012460254886}",20,8,7.050648017977451,"{0: 11, 1: 0, 2: 1, 3: 0, 4: 0}",1
620,False,"{'a': 0.5, 'e': 0.0450492023935578}",30,10,25.178850579695357,"{0: 19, 1: 1, 2: 0, 3: 0, 4: 0}",1
621,False,"{'a': 0.5, 'e': 0.04482451855926687}",25,10,20.65514172343876,"{0: 14, 1: 0, 2: 1, 3: 0, 4: 0}",1
622,False,"{'a': 0.5, 'e': 0.044600955340274535}",20,0,22.5724264027322,"{0: 19, 1: 0, 2: 1, 3: 0, 4: 0}",0
623,False,"{'a': 0.5, 'e': 0.04437850714748865}",20,2,28.316737006984823,"{0: 18, 1: 0, 2: 0, 3: 0, 4: 0}",1
624,False,"{'a': 0.5, 'e': 0.04415716841969286}",25,15,10.676950352875917,"{0: 9, 1: 1, 2: 0, 3: 0, 4: 0}",1
625,False,"{'a': 0.5, 'e': 0.04393693362340742}",30,14,30.66229334612631,"{0: 16, 1: 0, 2: 0, 3: 0, 4: 0}",1
626,False,"{'a': 0.5, 'e': 0.04371779725275094}",25,11,28.514316487750417,"{0: 14, 1: 0, 2: 0, 3: 0, 4: 0}",1
627,False,"{'a': 0.5, 'e': 0.04349975382930273}",25,19,9.290643359514647,"{0: 6, 1: 0, 2: 0, 3: 0, 4: 0}",1
628,False,"{'a': 0.5, 'e': 0.043282797901965896}",30,22,14.412555263779561,"{0: 8, 1: 0, 2: 0, 3: 0, 4: 0}",1
629,False,"{'a': 0.5, 'e': 0.04306692404683092}",25,15,16.938582952999266,"{0: 10, 1: 0, 2: 0, 3: 0, 4: 0}",1
630,False,"{'a': 0.5, 'e': 0.04285212686704019}",25,8,28.513370572447133,"{0: 17, 1: 0, 2: 0, 3: 0, 4: 0}",1
631,False,"{'a': 0.5, 'e': 0.04263840099265299}",20,6,-8.030818664986159,"{0: 12, 1: 0, 2: 1, 3: 1, 4: 0}",1
632,False,"{'a': 0.5, 'e': 0.042425741080511385}",30,24,13.425534397117854,"{0: 6, 1: 0, 2: 0, 3: 0, 4: 0}",1
633,False,"{'a': 0.5, 'e': 0.042214141814106466}",20,10,15.910886013618374,"{0: 10, 1: 0, 2: 0, 3: 0, 4: 0}",1
634,False,"{'a': 0.5, 'e': 0.04200359790344555}",20,14,12.62304469998347,"{0: 6, 1: 0, 2: 0, 3: 0, 4: 0}",1
635,False,"{'a': 0.5, 'e': 0.041794104084919896}",25,17,14.222858985818286,"{0: 8, 1: 0, 2: 0, 3: 0, 4: 0}",1
636,False,"{'a': 0.5, 'e': 0.04158565512117316}",25,9,25.231168641872557,"{0: 16, 1: 0, 2: 0, 3: 0, 4: 0}",1
637,False,"{'a': 0.5, 'e': 0.04137824580097038}",25,15,15.685575533996563,"{0: 10, 1: 0, 2: 0, 3: 0, 4: 0}",1
638,False,"{'a': 0.5, 'e': 0.04117187093906774}",30,17,23.482983281581916,"{0: 13, 1: 0, 2: 0, 3: 0, 4: 0}",1
639,False,"{'a': 0.5, 'e': 0.040966525376082925}",25,15,13.858768203040636,"{0: 9, 1: 1, 2: 0, 3: 0, 4: 0}",1
640,False,"{'a': 0.5, 'e': 0.04076220397836621}",20,9,18.997060419917524,"{0: 11, 1: 0, 2: 0, 3: 0, 4: 0}",1
641,False,"{'a': 0.5, 'e': 0.040558901637871986}",35,15,37.06108355686808,"{0: 20, 1: 0, 2: 0, 3: 0, 4: 0}",1
642,False,"{'a': 0.5, 'e': 0.04035661327203115}",25,14,21.312304280660573,"{0: 11, 1: 0, 2: 0, 3: 0, 4: 0}",1
643,False,"{'a': 0.5, 'e': 0.040155333823624025}",25,19,10.970656211183435,"{0: 6, 1: 0, 2: 0, 3: 0, 4: 0}",1
644,False,"{'a': 0.5, 'e': 0.039955058260653896}",25,7,19.231269725470018,"{0: 17, 1: 0, 2: 1, 3: 0, 4: 0}",1
645,False,"{'a': 0.5, 'e': 0.039755781576221304}",20,13,13.32774339805014,"{0: 7, 1: 0, 2: 0, 3: 0, 4: 0}",1
646,False,"{'a': 0.5, 'e': 0.039557498788398725}",20,12,13.182187484189342,"{0: 8, 1: 0, 2: 0, 3: 0, 4: 0}",1
647,False,"{'a': 0.5, 'e': 0.03936020494010615}",20,6,15.221562326381832,"{0: 13, 1: 1, 2: 0, 3: 0, 4: 0}",1
648,False,"{'a': 0.5, 'e': 0.039163895098987066}",20,13,16.3824725972169,"{0: 7, 1: 0, 2: 0, 3: 0, 4: 0}",1
649,False,"{'a': 0.5, 'e': 0.03896856435728526}",20,10,15.390690458242776,"{0: 10, 1: 0, 2: 0, 3: 0, 4: 0}",1
650,False,"{'a': 0.5, 'e': 0.03877420783172201}",25,7,27.332236747674813,"{0: 18, 1: 0, 2: 0, 3: 0, 4: 0}",1
651,False,"{'a': 0.5, 'e': 0.03858082066337404}",25,20,9.979956977768254,"{0: 5, 1: 0, 2: 0, 3: 0, 4: 0}",1
652,False,"{'a': 0.5, 'e': 0.038388398017552054}",20,11,-8.48370716115275,"{0: 8, 1: 0, 2: 0, 3: 1, 4: 0}",1
653,False,"{'a': 0.5, 'e': 0.038196935083679925}",25,11,23.91506447062137,"{0: 14, 1: 0, 2: 0, 3: 0, 4: 0}",1
654,False,"{'a': 0.5, 'e': 0.038006427075174314}",20,6,3.9570903736195406,"{0: 12, 1: 0, 2: 2, 3: 0, 4: 0}",1
655,False,"{'a': 0.5, 'e': 0.03781686922932508}",30,21,18.674875478868923,"{0: 9, 1: 0, 2: 0, 3: 0, 4: 0}",1
656,False,"{'a': 0.5, 'e': 0.0376282568071762}",30,17,24.90066019812709,"{0: 13, 1: 0, 2: 0, 3: 0, 4: 0}",1
657,False,"{'a': 0.5, 'e': 0.03744058509340732}",30,17,22.146335570774742,"{0: 13, 1: 0, 2: 0, 3: 0, 4: 0}",1
658,False,"{'a': 0.5, 'e': 0.03725384939621581}",25,17,13.17939655646366,"{0: 8, 1: 0, 2: 0, 3: 0, 4: 0}",1
659,False,"{'a': 0.5, 'e': 0.0370680450471995}",30,15,31.919146483092128,"{0: 15, 1: 0, 2: 0, 3: 0, 4: 0}",1
660,False,"{'a': 0.5, 'e': 0.036883167401239994}",20,10,19.506909090736023,"{0: 10, 1: 0, 2: 0, 3: 0, 4: 0}",1
661,False,"{'a': 0.5, 'e': 0.03669921183638653}",20,11,19.225753596910224,"{0: 9, 1: 0, 2: 0, 3: 0, 4: 0}",1
662,False,"{'a': 0.5, 'e': 0.0365161737537404}",25,13,25.665180573075354,"{0: 12, 1: 0, 2: 0, 3: 0, 4: 0}",1
663,False,"{'a': 0.5, 'e': 0.036334048577339996}",25,8,32.53724932606733,"{0: 17, 1: 0, 2: 0, 3: 0, 4: 0}",1
664,False,"{'a': 0.5, 'e': 0.03615283175404641}",25,16,6.692343843629466,"{0: 8, 1: 0, 2: 1, 3: 0, 4: 0}",1
665,False,"{'a': 0.5, 'e': 0.035972518753429654}",25,12,20.62329526686098,"{0: 13, 1: 0, 2: 0, 3: 0, 4: 0}",1
666,False,"{'a': 0.5, 'e': 0.0357931050676553}",20,15,7.362566108640477,"{0: 5, 1: 0, 2: 0, 3: 0, 4: 0}",1
667,False,"{'a': 0.5, 'e': 0.03561458621137186}",30,18,20.664889473673895,"{0: 12, 1: 0, 2: 0, 3: 0, 4: 0}",1
668,False,"{'a': 0.5, 'e': 0.03543695772159864}",25,7,36.57551512753041,"{0: 18, 1: 0, 2: 0, 3: 0, 4: 0}",1
669,False,"{'a': 0.5, 'e': 0.03526021515761412}",20,3,32.17397131648027,"{0: 17, 1: 0, 2: 0, 3: 0, 4: 0}",1
670,False,"{'a': 0.5, 'e': 0.035084354100845025}",25,13,20.56129964628769,"{0: 12, 1: 0, 2: 0, 3: 0, 4: 0}",1
671,False,"{'a': 0.5, 'e': 0.03490937015475576}",25,15,17.80321008746369,"{0: 10, 1: 0, 2: 0, 3: 0, 4: 0}",1
672,False,"{'a': 0.5, 'e': 0.03473525894473856}",20,8,21.734288788038818,"{0: 12, 1: 0, 2: 0, 3: 0, 4: 0}",1
673,False,"{'a': 0.5, 'e': 0.0345620161180041}",25,14,25.358146245537938,"{0: 11, 1: 0, 2: 0, 3: 0, 4: 0}",1
674,False,"{'a': 0.5, 'e': 0.03438963734347271}",20,1,25.67453199222428,"{0: 19, 1: 0, 2: 0, 3: 0, 4: 0}",1
675,False,"{'a': 0.5, 'e': 0.03421811831166603}",25,10,15.424778576995537,"{0: 14, 1: 0, 2: 1, 3: 0, 4: 0}",1
676,False,"{'a': 0.5, 'e': 0.034047454734599344}",20,10,9.350500547895994,"{0: 9, 1: 1, 2: 0, 3: 0, 4: 0}",1
677,False,"{'a': 0.5, 'e': 0.033877642345674315}",30,11,27.272292762681495,"{0: 18, 1: 1, 2: 0, 3: 0, 4: 0}",1
678,False,"{'a': 0.5, 'e': 0.033708676899572396}",25,1,38.17444204816799,"{0: 24, 1: 0, 2: 0, 3: 0, 4: 0}",1
679,False,"{'a': 0.5, 'e': 0.033540554172148636}",25,7,33.146532883569016,"{0: 18, 1: 0, 2: 0, 3: 0, 4: 0}",1
680,False,"{'a': 0.5, 'e': 0.03337326996032608}",25,15,22.346505230846326,"{0: 10, 1: 0, 2: 0, 3: 0, 4: 0}",1
681,False,"{'a': 0.5, 'e': 0.03320682008199072}",20,6,25.966990759515298,"{0: 14, 1: 0, 2: 0, 3: 0, 4: 0}",1
682,False,"{'a': 0.5, 'e': 0.03304120037588693}",35,21,25.94826085726891,"{0: 14, 1: 0, 2: 0, 3: 0, 4: 0}",1
683,False,"{'a': 0.5, 'e': 0.03287640670151345}",20,8,19.806154040843154,"{0: 12, 1: 0, 2: 0, 3: 0, 4: 0}",1
684,False,"{'a': 0.5, 'e': 0.03271243493901982}",35,17,34.42851370244001,"{0: 18, 1: 0, 2: 0, 3: 0, 4: 0}",1
685,False,"{'a': 0.5, 'e': 0.03254928098910342}",20,11,17.03691312890387,"{0: 9, 1: 0, 2: 0, 3: 0, 4: 0}",1
686,False,"{'a': 0.5, 'e': 0.03238694077290704}",30,4,28.97582522972412,"{0: 25, 1: 0, 2: 1, 3: 0, 4: 0}",1
687,False,"{'a': 0.5, 'e': 0.0322254102319168}",25,17,5.83180381157737,"{0: 7, 1: 0, 2: 1, 3: 0, 4: 0}",1
688,False,"{'a': 0.5, 'e': 0.03206468532786077}",25,11,25.87878666386012,"{0: 14, 1: 0, 2: 0, 3: 0, 4: 0}",1
689,False,"{'a': 0.5, 'e': 0.03190476204260796}",30,5,-6.181419273401298,"{0: 24, 1: 0, 2: 0, 3: 0, 4: 1}",1
690,False,"{'a': 0.5, 'e': 0.03174563637806794}",20,6,24.652582689718507,"{0: 14, 1: 0, 2: 0, 3: 0, 4: 0}",1
691,False,"{'a': 0.5, 'e': 0.031587304356090785}",20,2,28.330009474739217,"{0: 18, 1: 0, 2: 0, 3: 0, 4: 0}",1
692,False,"{'a': 0.5, 'e': 0.03142976201836771}",30,10,33.77139093090043,"{0: 20, 1: 0, 2: 0, 3: 0, 4: 0}",1
693,False,"{'a': 0.5, 'e': 0.03127300542633206}",20,11,17.510979254736046,"{0: 9, 1: 0, 2: 0, 3: 0, 4: 0}",1
694,False,"{'a': 0.5, 'e': 0.03111703066106086}",20,0,31.874618294780767,"{0: 20, 1: 0, 2: 0, 3: 0, 4: 0}",0
695,False,"{'a': 0.5, 'e': 0.030961833823176882}",20,8,23.323342087979643,"{0: 12, 1: 0, 2: 0, 3: 0, 4: 0}",1
696,False,"{'a': 0.5, 'e': 0.030807411032751076}",20,8,25.690083739004557,"{0: 12, 1: 0, 2: 0, 3: 0, 4: 0}",1
697,False,"{'a': 0.5, 'e': 0.030653758429205646}",25,0,36.878919340029746,"{0: 25, 1: 0, 2: 0, 3: 0, 4: 0}",1
698,False,"{'a': 0.5, 'e': 0.030500872171217483}",30,16,28.393386989472003,"{0: 14, 1: 0, 2: 0, 3: 0, 4: 0}",1
699,False,"{'a': 0.5, 'e': 0.030348748436622202}",30,0,5.120904226640955,"{0: 29, 1: 0, 2: 0, 3: 0, 4: 1}",1
700,False,"{'a': 0.5, 'e': 0.0301973834223185}",20,10,16.453649374393596,"{0: 10, 1: 0, 2: 0, 3: 0, 4: 0}",1
701,False,"{'a': 0.5, 'e': 0.03004677334417314}",30,11,35.49003525058129,"{0: 19, 1: 0, 2: 0, 3: 0, 4: 0}",1
702,False,"{'a': 0.5, 'e': 0.029896914436926308}",20,0,29.830910171700758,"{0: 20, 1: 0, 2: 0, 3: 0, 4: 0}",0
703,False,"{'a': 0.5, 'e': 0.029747802954097544}",25,8,15.852566531542104,"{0: 16, 1: 0, 2: 1, 3: 0, 4: 0}",1
704,False,"{'a': 0.5, 'e': 0.029599435167892}",20,12,16.07691827298401,"{0: 8, 1: 0, 2: 0, 3: 0, 4: 0}",1
705,False,"{'a': 0.5, 'e': 0.02945180736910729}",20,9,14.538781903843088,"{0: 11, 1: 0, 2: 0, 3: 0, 4: 0}",1
706,False,"{'a': 0.5, 'e': 0.029304915867040746}",20,12,15.98722382784042,"{0: 8, 1: 0, 2: 0, 3: 0, 4: 0}",1
707,False,"{'a': 0.5, 'e': 0.02915875698939719}",20,12,-23.38367847716414,"{0: 7, 1: 0, 2: 0, 3: 0, 4: 1}",1
708,False,"{'a': 0.5, 'e': 0.029013327082197053}",30,24,12.08404201706746,"{0: 6, 1: 0, 2: 0, 3: 0, 4: 0}",1
709,False,"{'a': 0.5, 'e': 0.028868622509685086}",30,18,24.640732219167674,"{0: 12, 1: 0, 2: 0, 3: 0, 4: 0}",1
710,False,"{'a': 0.5, 'e': 0.028724639654239423}",25,7,10.164656103191879,"{0: 17, 1: 0, 2: 1, 3: 0, 4: 0}",1
711,False,"{'a': 0.5, 'e': 0.028581374916281203}",30,20,17.11505626226664,"{0: 10, 1: 0, 2: 0, 3: 0, 4: 0}",1
712,False,"{'a': 0.5, 'e': 0.028438824714184505}",20,0,-13.4302519753851,"{0: 19, 1: 0, 2: 0, 3: 0, 4: 1}",0
713,False,"{'a': 0.5, 'e': 0.028296985484186854}",35,22,28.325499222374106,"{0: 13, 1: 0, 2: 0, 3: 0, 4: 0}",1
714,False,"{'a': 0.5, 'e': 0.028155853680300096}",25,11,23.37905141403352,"{0: 14, 1: 0, 2: 0, 3: 0, 4: 0}",1
715,False,"{'a': 0.5, 'e': 0.028015425774221808}",30,12,31.37270881866132,"{0: 18, 1: 0, 2: 0, 3: 0, 4: 0}",1
716,False,"{'a': 0.5, 'e': 0.027875698255247015}",20,8,22.910659362681177,"{0: 12, 1: 0, 2: 0, 3: 0, 4: 0}",1
717,False,"{'a': 0.5, 'e': 0.027736667630180466}",20,12,14.789101277494515,"{0: 8, 1: 0, 2: 0, 3: 0, 4: 0}",1
718,False,"{'a': 0.5, 'e': 0.027598330423249287}",25,6,19.920345174241092,"{0: 18, 1: 0, 2: 1, 3: 0, 4: 0}",1
719,False,"{'a': 0.5, 'e': 0.027460683176016094}",25,9,23.964594207514544,"{0: 15, 1: 1, 2: 0, 3: 0, 4: 0}",1
720,False,"{'a': 0.5, 'e': 0.02732372244729256}",25,7,26.976537631718628,"{0: 18, 1: 0, 2: 0, 3: 0, 4: 0}",1
721,False,"{'a': 0.5, 'e': 0.027187444813053317}",20,0,17.5675658581552,"{0: 19, 1: 0, 2: 1, 3: 0, 4: 0}",1
722,False,"{'a': 0.5, 'e': 0.027051846866350416}",20,0,28.384653582053136,"{0: 20, 1: 0, 2: 0, 3: 0, 4: 0}",0
723,False,"{'a': 0.5, 'e': 0.026916925217228112}",35,5,56.88534251102205,"{0: 30, 1: 0, 2: 0, 3: 0, 4: 0}",1
724,False,"{'a': 0.5, 'e': 0.026782676492638175}",30,19,19.828244186145003,"{0: 11, 1: 0, 2: 0, 3: 0, 4: 0}",1
725,False,"{'a': 0.5, 'e': 0.026649097336355485}",20,8,27.189224985376942,"{0: 12, 1: 0, 2: 0, 3: 0, 4: 0}",1
726,False,"{'a': 0.5, 'e': 0.02651618440889418}",20,15,10.248602948595048,"{0: 5, 1: 0, 2: 0, 3: 0, 4: 0}",1
727,False,"{'a': 0.5, 'e': 0.02638393438742414}",25,8,27.21093520131162,"{0: 17, 1: 0, 2: 0, 3: 0, 4: 0}",1
728,False,"{'a': 0.5, 'e': 0.02625234396568796}",25,16,17.021353679424752,"{0: 9, 1: 0, 2: 0, 3: 0, 4: 0}",1
729,False,"{'a': 0.5, 'e': 0.026121409853918233}",20,4,2.494965649003828,"{0: 15, 1: 0, 2: 0, 3: 1, 4: 0}",1
730,False,"{'a': 0.5, 'e': 0.025991128778755347}",25,16,18.799918529383834,"{0: 9, 1: 0, 2: 0, 3: 0, 4: 0}",1
731,False,"{'a': 0.5, 'e': 0.025861497483165623}",20,14,8.1126511947565,"{0: 6, 1: 0, 2: 0, 3: 0, 4: 0}",1
732,False,"{'a': 0.5, 'e': 0.02573251272635994}",20,16,8.564478985317368,"{0: 4, 1: 0, 2: 0, 3: 0, 4: 0}",1
733,False,"{'a': 0.5, 'e': 0.025604171283712656}",30,15,-11.91832195133515,"{0: 14, 1: 0, 2: 0, 3: 0, 4: 1}",1
734,False,"{'a': 0.5, 'e': 0.025476469946681016}",30,3,32.69764249748088,"{0: 26, 1: 0, 2: 1, 3: 0, 4: 0}",1
735,False,"{'a': 0.5, 'e': 0.02534940552272493}",20,3,25.99132783269689,"{0: 17, 1: 0, 2: 0, 3: 0, 4: 0}",1
736,False,"{'a': 0.5, 'e': 0.025222974835227212}",30,15,27.96364775590425,"{0: 15, 1: 0, 2: 0, 3: 0, 4: 0}",1
737,False,"{'a': 0.5, 'e': 0.025097174723414068}",25,10,27.637963433767432,"{0: 15, 1: 0, 2: 0, 3: 0, 4: 0}",1
738,False,"{'a': 0.5, 'e': 0.024972002042276155}",20,0,25.58947854772035,"{0: 20, 1: 0, 2: 0, 3: 0, 4: 0}",0
739,False,"{'a': 0.5, 'e': 0.024847453662489916}",20,0,34.91005840274359,"{0: 20, 1: 0, 2: 0, 3: 0, 4: 0}",0
740,False,"{'a': 0.5, 'e': 0.024723526470339388}",20,13,0.12748512458930605,"{0: 6, 1: 0, 2: 1, 3: 0, 4: 0}",1
741,False,"{'a': 0.5, 'e': 0.024600217367638302}",20,7,9.870856997399775,"{0: 12, 1: 0, 2: 1, 3: 0, 4: 0}",1
742,False,"{'a': 0.5, 'e': 0.02447752327165267}",20,11,17.551517346171615,"{0: 9, 1: 0, 2: 0, 3: 0, 4: 0}",1
743,False,"{'a': 0.5, 'e': 0.024355441115023704}",25,11,27.275473295290652,"{0: 14, 1: 0, 2: 0, 3: 0, 4: 0}",1
744,False,"{'a': 0.5, 'e': 0.024233967845691113}",25,8,30.225836186404305,"{0: 17, 1: 0, 2: 0, 3: 0, 4: 0}",1
745,False,"{'a': 0.5, 'e': 0.024113100426816865}",20,0,30.310734655793986,"{0: 20, 1: 0, 2: 0, 3: 0, 4: 0}",1
746,False,"{'a': 0.5, 'e': 0.023992835836709175}",25,20,10.79201865135694,"{0: 5, 1: 0, 2: 0, 3: 0, 4: 0}",1
747,False,"{'a': 0.5, 'e': 0.023873171068747034}",25,12,17.838698042883532,"{0: 12, 1: 1, 2: 0, 3: 0, 4: 0}",1
748,False,"{'a': 0.5, 'e': 0.023754103131304997}",20,0,31.220400020825263,"{0: 20, 1: 0, 2: 0, 3: 0, 4: 0}",0
749,False,"{'a': 0.5, 'e': 0.023635629047678443}",30,18,22.656371883812923,"{0: 12, 1: 0, 2: 0, 3: 0, 4: 0}",1
750,False,"{'a': 0.5, 'e': 0.023517745856009107}",25,11,24.931372498596215,"{0: 14, 1: 0, 2: 0, 3: 0, 4: 0}",1
751,False,"{'a': 0.5, 'e': 0.023400450609211056}",20,0,32.58202468860292,"{0: 20, 1: 0, 2: 0, 3: 0, 4: 0}",0
752,False,"{'a': 0.5, 'e': 0.023283740374897}",25,15,20.145263983779433,"{0: 10, 1: 0, 2: 0, 3: 0, 4: 0}",1
753,False,"{'a': 0.5, 'e': 0.02316761223530502}",30,10,13.197471841244573,"{0: 19, 1: 0, 2: 0, 3: 1, 4: 0}",1
754,False,"{'a': 0.5, 'e': 0.02305206328722557}",20,8,20.59453643969316,"{0: 12, 1: 0, 2: 0, 3: 0, 4: 0}",1
755,False,"{'a': 0.5, 'e': 0.02293709064192893}",20,14,12.923419099295524,"{0: 6, 1: 0, 2: 0, 3: 0, 4: 0}",1
756,False,"{'a': 0.5, 'e': 0.02282269142509297}",20,14,12.4825579269634,"{0: 6, 1: 0, 2: 0, 3: 0, 4: 0}",1
757,False,"{'a': 0.5, 'e': 0.022708862776731332}",25,11,26.32631655767283,"{0: 14, 1: 0, 2: 0, 3: 0, 4: 0}",1
758,False,"{'a': 0.5, 'e': 0.022595601851121864}",20,3,16.90008067095211,"{0: 16, 1: 0, 2: 1, 3: 0, 4: 0}",1
759,False,"{'a': 0.5, 'e': 0.02248290581673553}",20,9,19.121678523232475,"{0: 11, 1: 0, 2: 0, 3: 0, 4: 0}",1
760,False,"{'a': 0.5, 'e': 0.02237077185616559}",20,0,30.846202111877922,"{0: 20, 1: 0, 2: 0, 3: 0, 4: 0}",0
761,False,"{'a': 0.5, 'e': 0.02225919716605721}",20,0,28.824749230582245,"{0: 20, 1: 0, 2: 0, 3: 0, 4: 0}",0
762,False,"{'a': 0.5, 'e': 0.022148178957037315}",20,15,7.473940080075841,"{0: 5, 1: 0, 2: 0, 3: 0, 4: 0}",1
763,False,"{'a': 0.5, 'e': 0.022037714453644896}",25,14,23.02075652808263,"{0: 11, 1: 0, 2: 0, 3: 0, 4: 0}",1
764,False,"{'a': 0.5, 'e': 0.02192780089426161}",20,10,18.95659447197617,"{0: 10, 1: 0, 2: 0, 3: 0, 4: 0}",1
765,False,"{'a': 0.5, 'e': 0.021818435531042762}",35,25,20.821960187188782,"{0: 10, 1: 0, 2: 0, 3: 0, 4: 0}",1
766,False,"{'a': 0.5, 'e': 0.02170961562984857}",20,8,24.689669072456283,"{0: 12, 1: 0, 2: 0, 3: 0, 4: 0}",1
767,False,"{'a': 0.5, 'e': 0.021601338470175833}",30,8,41.75900868207774,"{0: 22, 1: 0, 2: 0, 3: 0, 4: 0}",1
768,False,"{'a': 0.5, 'e': 0.021493601345089923}",20,3,33.75196276465219,"{0: 17, 1: 0, 2: 0, 3: 0, 4: 0}",1
769,False,"{'a': 0.5, 'e': 0.02138640156115709}",30,12,20.974354820466836,"{0: 17, 1: 0, 2: 1, 3: 0, 4: 0}",1
770,False,"{'a': 0.5, 'e': 0.02127973643837717}",20,15,9.938793766155928,"{0: 5, 1: 0, 2: 0, 3: 0, 4: 0}",1
771,False,"{'a': 0.5, 'e': 0.02117360331011653}",30,2,39.16469227375374,"{0: 28, 1: 0, 2: 0, 3: 0, 4: 0}",1
772,False,"{'a': 0.5, 'e': 0.021067999523041434}",25,13,21.422689325798334,"{0: 12, 1: 0, 2: 0, 3: 0, 4: 0}",1
773,False,"{'a': 0.5, 'e': 0.0209629224370517}",20,10,16.35441893836085,"{0: 10, 1: 0, 2: 0, 3: 0, 4: 0}",1
774,False,"{'a': 0.5, 'e': 0.020858369425214716}",25,11,27.921770482987768,"{0: 14, 1: 0, 2: 0, 3: 0, 4: 0}",1
775,False,"{'a': 0.5, 'e': 0.020754337873699742}",20,11,16.97898154952516,"{0: 9, 1: 0, 2: 0, 3: 0, 4: 0}",1
776,False,"{'a': 0.5, 'e': 0.020650825181712566}",25,13,20.86287195291185,"{0: 12, 1: 0, 2: 0, 3: 0, 4: 0}",1
777,False,"{'a': 0.5, 'e': 0.02054782876143049}",20,15,8.432654616187545,"{0: 5, 1: 0, 2: 0, 3: 0, 4: 0}",1
778,False,"{'a': 0.5, 'e': 0.020445346037937653}",25,5,32.252813713954666,"{0: 20, 1: 0, 2: 0, 3: 0, 4: 0}",1
779,False,"{'a': 0.5, 'e': 0.020343374449160633}",20,6,24.078568992400683,"{0: 14, 1: 0, 2: 0, 3: 0, 4: 0}",1
780,False,"{'a': 0.5, 'e': 0.02024191144580439}",30,13,29.095569622647098,"{0: 17, 1: 0, 2: 0, 3: 0, 4: 0}",1
781,False,"{'a': 0.5, 'e': 0.02014095449128855}",30,13,31.809819840366952,"{0: 17, 1: 0, 2: 0, 3: 0, 4: 0}",1
782,False,"{'a': 0.5, 'e': 0.020040501061684014}",20,15,11.611978572491205,"{0: 5, 1: 0, 2: 0, 3: 0, 4: 0}",1
783,False,"{'a': 0.5, 'e': 0.019940548645649796}",25,17,14.587059218240647,"{0: 8, 1: 0, 2: 0, 3: 0, 4: 0}",1
784,False,"{'a': 0.5, 'e': 0.019841094744370288}",20,9,18.349351646994826,"{0: 11, 1: 0, 2: 0, 3: 0, 4: 0}",1
785,False,"{'a': 0.5, 'e': 0.019742136871492774}",35,22,26.794458941582377,"{0: 13, 1: 0, 2: 0, 3: 0, 4: 0}",1
786,False,"{'a': 0.5, 'e': 0.019643672553065292}",30,4,48.872102970001905,"{0: 26, 1: 0, 2: 0, 3: 0, 4: 0}",1
787,False,"{'a': 0.5, 'e': 0.019545699327474745}",25,7,30.615038124374163,"{0: 18, 1: 0, 2: 0, 3: 0, 4: 0}",1
788,False,"{'a': 0.5, 'e': 0.01944821474538539}",20,16,7.839247608828831,"{0: 4, 1: 0, 2: 0, 3: 0, 4: 0}",1
789,False,"{'a': 0.5, 'e': 0.01935121636967759}",20,1,26.98057857996978,"{0: 19, 1: 0, 2: 0, 3: 0, 4: 0}",1
790,False,"{'a': 0.5, 'e': 0.01925470177538692}",20,16,8.433862706141664,"{0: 4, 1: 0, 2: 0, 3: 0, 4: 0}",1
791,False,"{'a': 0.5, 'e': 0.019158668549643484}",30,16,18.69871847597805,"{0: 13, 1: 1, 2: 0, 3: 0, 4: 0}",1
792,False,"{'a': 0.5, 'e': 0.019063114291611637}",20,15,8.559798709150488,"{0: 5, 1: 0, 2: 0, 3: 0, 4: 0}",1
793,False,"{'a': 0.5, 'e': 0.01896803661242994}",30,21,17.408995879034684,"{0: 9, 1: 0, 2: 0, 3: 0, 4: 0}",1
794,False,"{'a': 0.5, 'e': 0.018873433135151486}",25,8,-11.439624181430343,"{0: 16, 1: 0, 2: 0, 3: 0, 4: 1}",1
795,False,"{'a': 0.5, 'e': 0.0187793014946844}",20,8,22.60066835906605,"{0: 12, 1: 0, 2: 0, 3: 0, 4: 0}",1
796,False,"{'a': 0.5, 'e': 0.018685639337732773}",20,7,22.93150242921651,"{0: 13, 1: 0, 2: 0, 3: 0, 4: 0}",1
797,False,"{'a': 0.5, 'e': 0.018592444322737798}",20,6,24.173758197188658,"{0: 14, 1: 0, 2: 0, 3: 0, 4: 0}",1
798,False,"{'a': 0.5, 'e': 0.018499714119819242}",35,25,22.224940980991825,"{0: 10, 1: 0, 2: 0, 3: 0, 4: 0}",1
799,False,"{'a': 0.5, 'e': 0.018407446410717215}",20,14,10.809774393066679,"{0: 6, 1: 0, 2: 0, 3: 0, 4: 0}",1
800,False,"{'a': 0.5, 'e': 0.01831563888873418}",30,16,22.863784948407357,"{0: 14, 1: 0, 2: 0, 3: 0, 4: 0}",1
801,False,"{'a': 0.5, 'e': 0.018224289258677303}",30,17,21.253144807821403,"{0: 13, 1: 0, 2: 0, 3: 0, 4: 0}",1
802,False,"{'a': 0.5, 'e': 0.018133395236801075}",30,7,28.483336210186597,"{0: 22, 1: 0, 2: 1, 3: 0, 4: 0}",1
803,False,"{'a': 0.5, 'e': 0.018042954550750216}",20,2,33.59651953094456,"{0: 18, 1: 0, 2: 0, 3: 0, 4: 0}",1
804,False,"{'a': 0.5, 'e': 0.01795296493950285}",20,6,25.1519226760147,"{0: 14, 1: 0, 2: 0, 3: 0, 4: 0}",1
805,False,"{'a': 0.5, 'e': 0.017863424153314034}",25,14,22.54445356260127,"{0: 11, 1: 0, 2: 0, 3: 0, 4: 0}",1
806,False,"{'a': 0.5, 'e': 0.01777432995365944}",20,6,24.854772432483504,"{0: 14, 1: 0, 2: 0, 3: 0, 4: 0}",1
807,False,"{'a': 0.5, 'e': 0.017685680113179437}",25,10,28.854053594553992,"{0: 15, 1: 0, 2: 0, 3: 0, 4: 0}",1
808,False,"{'a': 0.5, 'e': 0.017597472415623393}",25,16,21.099464373766395,"{0: 9, 1: 0, 2: 0, 3: 0, 4: 0}",1
809,False,"{'a': 0.5, 'e': 0.017509704655794274}",20,16,8.597728676958685,"{0: 4, 1: 0, 2: 0, 3: 0, 4: 0}",1
810,False,"{'a': 0.5, 'e': 0.017422374639493515}",20,6,24.600209444780198,"{0: 14, 1: 0, 2: 0, 3: 0, 4: 0}",1
811,False,"{'a': 0.5, 'e': 0.01733548018346616}",30,8,38.824068615330006,"{0: 22, 1: 0, 2: 0, 3: 0, 4: 0}",1
812,False,"{'a': 0.5, 'e': 0.017249019115346265}",20,8,23.067143937835088,"{0: 12, 1: 0, 2: 0, 3: 0, 4: 0}",1
813,False,"{'a': 0.5, 'e': 0.017162989273602654}",25,14,20.848546329303826,"{0: 11, 1: 0, 2: 0, 3: 0, 4: 0}",1
814,False,"{'a': 0.5, 'e': 0.017077388507484793}",20,10,17.259231545670744,"{0: 10, 1: 0, 2: 0, 3: 0, 4: 0}",1
815,False,"{'a': 0.5, 'e': 0.016992214676969066}",20,15,10.812341339953118,"{0: 5, 1: 0, 2: 0, 3: 0, 4: 0}",1
816,False,"{'a': 0.5, 'e': 0.01690746565270528}",20,7,25.914206201102466,"{0: 13, 1: 0, 2: 0, 3: 0, 4: 0}",1
817,False,"{'a': 0.5, 'e': 0.016823139315963402}",25,13,22.06116018640241,"{0: 12, 1: 0, 2: 0, 3: 0, 4: 0}",1
818,False,"{'a': 0.5, 'e': 0.016739233558580632}",20,8,20.44521136112059,"{0: 12, 1: 0, 2: 0, 3: 0, 4: 0}",1
819,False,"{'a': 0.5, 'e': 0.016655746282908664}",20,8,25.65531402084784,"{0: 12, 1: 0, 2: 0, 3: 0, 4: 0}",1
820,False,"{'a': 0.5, 'e': 0.016572675401761255}",20,13,15.464150287661084,"{0: 7, 1: 0, 2: 0, 3: 0, 4: 0}",1
821,False,"{'a': 0.5, 'e': 0.016490018838362035}",25,0,42.473982309753524,"{0: 25, 1: 0, 2: 0, 3: 0, 4: 0}",0
822,False,"{'a': 0.5, 'e': 0.016407774526292645}",25,6,34.22881957191098,"{0: 19, 1: 0, 2: 0, 3: 0, 4: 0}",1
823,False,"{'a': 0.5, 'e': 0.016325940409440985}",30,18,22.095339403840462,"{0: 12, 1: 0, 2: 0, 3: 0, 4: 0}",1
824,False,"{'a': 0.5, 'e': 0.01624451444194987}",20,5,27.448404748177083,"{0: 15, 1: 0, 2: 0, 3: 0, 4: 0}",1
825,False,"{'a': 0.5, 'e': 0.016163494588165874}",20,13,14.386926633504626,"{0: 7, 1: 0, 2: 0, 3: 0, 4: 0}",1
826,False,"{'a': 0.5, 'e': 0.016082878822588433}",25,7,29.46369495944551,"{0: 18, 1: 0, 2: 0, 3: 0, 4: 0}",1
827,False,"{'a': 0.5, 'e': 0.016002665129819207}",20,11,15.587593922364476,"{0: 9, 1: 0, 2: 0, 3: 0, 4: 0}",1
828,False,"{'a': 0.5, 'e': 0.015922851504511698}",30,23,12.49424940953944,"{0: 7, 1: 0, 2: 0, 3: 0, 4: 0}",1
829,False,"{'a': 0.5, 'e': 0.0158434359513211}",30,20,22.731346654650785,"{0: 10, 1: 0, 2: 0, 3: 0, 4: 0}",1
830,False,"{'a': 0.5, 'e': 0.015764416484854486}",20,2,19.646427307108937,"{0: 17, 1: 0, 2: 1, 3: 0, 4: 0}",1
831,False,"{'a': 0.5, 'e': 0.015685791129621054}",30,20,18.398811389487324,"{0: 10, 1: 0, 2: 0, 3: 0, 4: 0}",1
832,False,"{'a': 0.5, 'e': 0.01560755791998283}",25,11,-13.692519279107742,"{0: 13, 1: 0, 2: 0, 3: 0, 4: 1}",1
833,False,"{'a': 0.5, 'e': 0.015529714900105502}",25,13,21.45861329517265,"{0: 12, 1: 0, 2: 0, 3: 0, 4: 0}",1
834,False,"{'a': 0.5, 'e': 0.015452260123909515}",20,4,21.782391196175574,"{0: 15, 1: 1, 2: 0, 3: 0, 4: 0}",1
835,False,"{'a': 0.5, 'e': 0.015375191655021433}",25,13,23.263228613846206,"{0: 12, 1: 0, 2: 0, 3: 0, 4: 0}",1
836,False,"{'a': 0.5, 'e': 0.015298507566725518}",20,9,22.629442982617686,"{0: 11, 1: 0, 2: 0, 3: 0, 4: 0}",1
837,False,"{'a': 0.5, 'e': 0.015222205941915557}",30,14,13.741765870050834,"{0: 15, 1: 0, 2: 1, 3: 0, 4: 0}",1
838,False,"{'a': 0.5, 'e': 0.01514628487304698}",25,5,35.67471755406792,"{0: 20, 1: 0, 2: 0, 3: 0, 4: 0}",1
839,False,"{'a': 0.5, 'e': 0.015070742462089098}",20,16,8.060019839350177,"{0: 4, 1: 0, 2: 0, 3: 0, 4: 0}",1
840,False,"{'a': 0.5, 'e': 0.014995576820477703}",20,12,14.255859473642609,"{0: 8, 1: 0, 2: 0, 3: 0, 4: 0}",1
841,False,"{'a': 0.5, 'e': 0.014920786069067842}",30,16,26.43507689585373,"{0: 14, 1: 0, 2: 0, 3: 0, 4: 0}",1
842,False,"{'a': 0.5, 'e': 0.014846368338086832}",20,8,22.8015733403803,"{0: 12, 1: 0, 2: 0, 3: 0, 4: 0}",1
843,False,"{'a': 0.5, 'e': 0.014772321767087523}",25,7,30.994010745346362,"{0: 18, 1: 0, 2: 0, 3: 0, 4: 0}",1
844,False,"{'a': 0.5, 'e': 0.014698644504901784}",20,13,12.893836466134452,"{0: 7, 1: 0, 2: 0, 3: 0, 4: 0}",1
845,False,"{'a': 0.5, 'e': 0.014625334709594222}",20,11,20.407907092989994,"{0: 9, 1: 0, 2: 0, 3: 0, 4: 0}",1
846,False,"{'a': 0.5, 'e': 0.014552390548416123}",25,15,17.0535740810806,"{0: 10, 1: 0, 2: 0, 3: 0, 4: 0}",1
847,False,"{'a': 0.5, 'e': 0.014479810197759686}",20,10,22.503844182076666,"{0: 10, 1: 0, 2: 0, 3: 0, 4: 0}",1
848,False,"{'a': 0.5, 'e': 0.01440759184311235}",25,6,28.913879401146076,"{0: 19, 1: 0, 2: 0, 3: 0, 4: 0}",1
849,False,"{'a': 0.5, 'e': 0.01433573367901149}",20,7,21.56177571607452,"{0: 13, 1: 0, 2: 0, 3: 0, 4: 0}",1
850,False,"{'a': 0.5, 'e': 0.014264233908999256}",30,12,34.946540454340344,"{0: 18, 1: 0, 2: 0, 3: 0, 4: 0}",1
851,False,"{'a': 0.5, 'e': 0.014193090745577676}",25,11,26.86226472122297,"{0: 14, 1: 0, 2: 0, 3: 0, 4: 0}",1
852,False,"{'a': 0.5, 'e': 0.014122302410163962}",25,16,16.750547341409693,"{0: 9, 1: 0, 2: 0, 3: 0, 4: 0}",1
853,False,"{'a': 0.5, 'e': 0.014051867133046037}",25,0,25.474068556503784,"{0: 24, 1: 0, 2: 1, 3: 0, 4: 0}",1
854,False,"{'a': 0.5, 'e': 0.013981783153338296}",25,8,33.45479931976814,"{0: 17, 1: 0, 2: 0, 3: 0, 4: 0}",1
855,False,"{'a': 0.5, 'e': 0.01391204871893762}",25,20,9.042685933443874,"{0: 5, 1: 0, 2: 0, 3: 0, 4: 0}",1
856,False,"{'a': 0.5, 'e': 0.013842662086479501}",20,6,22.97280451160749,"{0: 14, 1: 0, 2: 0, 3: 0, 4: 0}",1
857,False,"{'a': 0.5, 'e': 0.013773621521294518}",35,21,23.97789264490009,"{0: 14, 1: 0, 2: 0, 3: 0, 4: 0}",1
858,False,"{'a': 0.5, 'e': 0.013704925297364945}",30,16,29.50872694390044,"{0: 14, 1: 0, 2: 0, 3: 0, 4: 0}",1
859,False,"{'a': 0.5, 'e': 0.013636571697281604}",20,12,18.410454800644786,"{0: 8, 1: 0, 2: 0, 3: 0, 4: 0}",1
860,False,"{'a': 0.5, 'e': 0.013568559012200934}",25,10,30.168000248756382,"{0: 15, 1: 0, 2: 0, 3: 0, 4: 0}",1
861,False,"{'a': 0.5, 'e': 0.013500885541802265}",25,8,33.390953513335965,"{0: 17, 1: 0, 2: 0, 3: 0, 4: 0}",1
862,False,"{'a': 0.5, 'e': 0.013433549594245302}",25,14,18.84372665633655,"{0: 11, 1: 0, 2: 0, 3: 0, 4: 0}",1
863,False,"{'a': 0.5, 'e': 0.01336654948612787}",20,8,18.912748954110917,"{0: 12, 1: 0, 2: 0, 3: 0, 4: 0}",1
864,False,"{'a': 0.5, 'e': 0.013299883542443767}",20,6,26.562068979851905,"{0: 14, 1: 0, 2: 0, 3: 0, 4: 0}",1
865,False,"{'a': 0.5, 'e': 0.013233550096540928}",20,2,28.963681309263773,"{0: 18, 1: 0, 2: 0, 3: 0, 4: 0}",1
866,False,"{'a': 0.5, 'e': 0.013167547490079751}",20,16,10.394289143268377,"{0: 4, 1: 0, 2: 0, 3: 0, 4: 0}",1
867,False,"{'a': 0.5, 'e': 0.013101874072991637}",30,10,38.37903820676562,"{0: 20, 1: 0, 2: 0, 3: 0, 4: 0}",1
868,False,"{'a': 0.5, 'e': 0.013036528203437736}",20,7,21.16168485402228,"{0: 13, 1: 0, 2: 0, 3: 0, 4: 0}",1
869,False,"{'a': 0.5, 'e': 0.012971508247767908}",20,2,28.173776330779514,"{0: 18, 1: 0, 2: 0, 3: 0, 4: 0}",1
870,False,"{'a': 0.5, 'e': 0.012906812580479862}",20,13,16.180317947844465,"{0: 7, 1: 0, 2: 0, 3: 0, 4: 0}",1
871,False,"{'a': 0.5, 'e': 0.01284243958417857}",30,18,22.278093125027972,"{0: 12, 1: 0, 2: 0, 3: 0, 4: 0}",1
872,False,"{'a': 0.5, 'e': 0.01277838764953576}",20,0,28.25265668956247,"{0: 20, 1: 0, 2: 0, 3: 0, 4: 0}",0
873,False,"{'a': 0.5, 'e': 0.012714655175249731}",30,10,35.300463195379365,"{0: 20, 1: 0, 2: 0, 3: 0, 4: 0}",1
874,False,"{'a': 0.5, 'e': 0.012651240568005305}",30,8,41.007697529108874,"{0: 22, 1: 0, 2: 0, 3: 0, 4: 0}",1
875,False,"{'a': 0.5, 'e': 0.012588142242433998}",20,6,24.06611121155333,"{0: 14, 1: 0, 2: 0, 3: 0, 4: 0}",1
876,False,"{'a': 0.5, 'e': 0.012525358621074385}",35,21,29.802327136459486,"{0: 14, 1: 0, 2: 0, 3: 0, 4: 0}",1
877,False,"{'a': 0.5, 'e': 0.012462888134332661}",30,16,24.787464662108622,"{0: 14, 1: 0, 2: 0, 3: 0, 4: 0}",1
878,False,"{'a': 0.5, 'e': 0.012400729220443406}",20,11,18.911456957742942,"{0: 9, 1: 0, 2: 0, 3: 0, 4: 0}",1
879,False,"{'a': 0.5, 'e': 0.012338880325430523}",20,13,13.728756773973327,"{0: 7, 1: 0, 2: 0, 3: 0, 4: 0}",1
880,False,"{'a': 0.5, 'e': 0.012277339903068436}",20,3,35.23516491380413,"{0: 17, 1: 0, 2: 0, 3: 0, 4: 0}",1
881,False,"{'a': 0.5, 'e': 0.012216106414843372}",25,12,24.812814466378253,"{0: 13, 1: 0, 2: 0, 3: 0, 4: 0}",1
882,False,"{'a': 0.5, 'e': 0.012155178329914935}",20,12,11.295911436933729,"{0: 8, 1: 0, 2: 0, 3: 0, 4: 0}",1
883,False,"{'a': 0.5, 'e': 0.012094554125077829}",20,0,25.040884723427496,"{0: 19, 1: 1, 2: 0, 3: 0, 4: 0}",0
884,False,"{'a': 0.5, 'e': 0.012034232284723775}",20,7,25.702487384439703,"{0: 13, 1: 0, 2: 0, 3: 0, 4: 0}",1
885,False,"{'a': 0.5, 'e': 0.011974211300803622}",20,14,12.028886741942479,"{0: 6, 1: 0, 2: 0, 3: 0, 4: 0}",1
886,False,"{'a': 0.5, 'e': 0.011914489672789647}",20,2,35.482597643375804,"{0: 18, 1: 0, 2: 0, 3: 0, 4: 0}",1
887,False,"{'a': 0.5, 'e': 0.011855065907638027}",30,16,27.146599329520726,"{0: 14, 1: 0, 2: 0, 3: 0, 4: 0}",1
888,False,"{'a': 0.5, 'e': 0.011795938519751562}",25,20,10.218481607696184,"{0: 5, 1: 0, 2: 0, 3: 0, 4: 0}",1
889,False,"{'a': 0.5, 'e': 0.011737106030942461}",20,16,7.533029075087864,"{0: 4, 1: 0, 2: 0, 3: 0, 4: 0}",1
890,False,"{'a': 0.5, 'e': 0.011678566970395442}",20,2,31.721929088435434,"{0: 18, 1: 0, 2: 0, 3: 0, 4: 0}",1
891,False,"{'a': 0.5, 'e': 0.011620319874630945}",25,5,30.030654011113768,"{0: 20, 1: 0, 2: 0, 3: 0, 4: 0}",1
892,False,"{'a': 0.5, 'e': 0.011562363287468536}",25,18,13.572537956472251,"{0: 7, 1: 0, 2: 0, 3: 0, 4: 0}",1
893,False,"{'a': 0.5, 'e': 0.011504695759990522}",25,11,24.58884425244719,"{0: 14, 1: 0, 2: 0, 3: 0, 4: 0}",1
894,False,"{'a': 0.5, 'e': 0.01144731585050571}",20,14,10.934586144088298,"{0: 6, 1: 0, 2: 0, 3: 0, 4: 0}",1
895,False,"{'a': 0.5, 'e': 0.011390222124513367}",25,6,33.804434302069794,"{0: 19, 1: 0, 2: 0, 3: 0, 4: 0}",1
896,False,"{'a': 0.5, 'e': 0.011333413154667387}",25,15,17.61357860314137,"{0: 10, 1: 0, 2: 0, 3: 0, 4: 0}",1
897,False,"{'a': 0.5, 'e': 0.011276887520740558}",30,16,26.8092651979241,"{0: 14, 1: 0, 2: 0, 3: 0, 4: 0}",1
898,False,"{'a': 0.5, 'e': 0.011220643809589084}",20,10,19.34351560273938,"{0: 10, 1: 0, 2: 0, 3: 0, 4: 0}",1
899,False,"{'a': 0.5, 'e': 0.011164680615117259}",25,14,22.325885442406108,"{0: 11, 1: 0, 2: 0, 3: 0, 4: 0}",1
900,False,"{'a': 0.5, 'e': 0.011108996538242306}",25,8,26.281025056103655,"{0: 17, 1: 0, 2: 0, 3: 0, 4: 0}",1
901,False,"{'a': 0.5, 'e': 0.011053590186859403}",25,7,27.812299502520574,"{0: 18, 1: 0, 2: 0, 3: 0, 4: 0}",1
902,False,"{'a': 0.5, 'e': 0.010998460175806881}",30,24,11.595628076440827,"{0: 6, 1: 0, 2: 0, 3: 0, 4: 0}",1
903,False,"{'a': 0.5, 'e': 0.01094360512683159}",20,10,14.616463288144546,"{0: 10, 1: 0, 2: 0, 3: 0, 4: 0}",1
904,False,"{'a': 0.5, 'e': 0.01088902366855444}",25,13,21.556507664860966,"{0: 12, 1: 0, 2: 0, 3: 0, 4: 0}",1
905,False,"{'a': 0.5, 'e': 0.010834714436436152}",25,17,16.19338355089697,"{0: 8, 1: 0, 2: 0, 3: 0, 4: 0}",1
906,False,"{'a': 0.5, 'e': 0.010780676072743084}",25,9,28.229605005021945,"{0: 16, 1: 0, 2: 0, 3: 0, 4: 0}",1
907,False,"{'a': 0.5, 'e': 0.010726907226513326}",25,16,17.414543564503877,"{0: 9, 1: 0, 2: 0, 3: 0, 4: 0}",1
908,False,"{'a': 0.5, 'e': 0.010673406553522925}",25,12,22.45830009603017,"{0: 13, 1: 0, 2: 0, 3: 0, 4: 0}",1
909,False,"{'a': 0.5, 'e': 0.01062017271625227}",25,16,20.018089099861967,"{0: 9, 1: 0, 2: 0, 3: 0, 4: 0}",1
910,False,"{'a': 0.5, 'e': 0.010567204383852655}",20,12,17.03700389617467,"{0: 8, 1: 0, 2: 0, 3: 0, 4: 0}",1
911,False,"{'a': 0.5, 'e': 0.010514500232113012}",20,0,32.24104668215981,"{0: 20, 1: 0, 2: 0, 3: 0, 4: 0}",0
912,False,"{'a': 0.5, 'e': 0.010462058943426795}",25,7,30.54411103374119,"{0: 18, 1: 0, 2: 0, 3: 0, 4: 0}",1
913,False,"{'a': 0.5, 'e': 0.01040987920675907}",20,16,5.6324293632168825,"{0: 4, 1: 0, 2: 0, 3: 0, 4: 0}",1
914,False,"{'a': 0.5, 'e': 0.010357959717613696}",25,3,35.83006584750143,"{0: 22, 1: 0, 2: 0, 3: 0, 4: 0}",1
915,False,"{'a': 0.5, 'e': 0.01030629917800074}",20,9,20.349277773581054,"{0: 11, 1: 0, 2: 0, 3: 0, 4: 0}",1
916,False,"{'a': 0.5, 'e': 0.010254896296404022}",20,10,21.67968092461285,"{0: 10, 1: 0, 2: 0, 3: 0, 4: 0}",1
917,False,"{'a': 0.5, 'e': 0.010203749787748823}",20,9,19.870721678485985,"{0: 11, 1: 0, 2: 0, 3: 0, 4: 0}",1
918,False,"{'a': 0.5, 'e': 0.010152858373369763}",30,19,20.455836307386274,"{0: 11, 1: 0, 2: 0, 3: 0, 4: 0}",1
919,False,"{'a': 0.5, 'e': 0.010102220780978834}",20,10,16.964604854013793,"{0: 10, 1: 0, 2: 0, 3: 0, 4: 0}",1
920,False,"{'a': 0.5, 'e': 0.010051835744633576}",30,16,28.988386930450098,"{0: 14, 1: 0, 2: 0, 3: 0, 4: 0}",1
921,False,"{'a': 0.5, 'e': 0.010001702004705479}",25,7,26.904762190622083,"{0: 18, 1: 0, 2: 0, 3: 0, 4: 0}",1
922,False,"{'a': 0.5, 'e': 0.00995181830784842}",20,9,20.488585820363266,"{0: 11, 1: 0, 2: 0, 3: 0, 4: 0}",1
923,False,"{'a': 0.5, 'e': 0.009902183406967382}",25,14,21.573205293679578,"{0: 11, 1: 0, 2: 0, 3: 0, 4: 0}",1
924,False,"{'a': 0.5, 'e': 0.009852796061187257}",20,6,25.200002734094742,"{0: 14, 1: 0, 2: 0, 3: 0, 4: 0}",1
925,False,"{'a': 0.5, 'e': 0.009803655035821828}",20,15,7.974187638350641,"{0: 5, 1: 0, 2: 0, 3: 0, 4: 0}",1
926,False,"{'a': 0.5, 'e': 0.009754759102342903}",25,13,22.525425799928854,"{0: 12, 1: 0, 2: 0, 3: 0, 4: 0}",1
927,False,"{'a': 0.5, 'e': 0.009706107038349598}",30,16,25.324882111781932,"{0: 14, 1: 0, 2: 0, 3: 0, 4: 0}",1
928,False,"{'a': 0.5, 'e': 0.009657697627537777}",25,5,34.64466405958886,"{0: 20, 1: 0, 2: 0, 3: 0, 4: 0}",1
929,False,"{'a': 0.5, 'e': 0.009609529659669642}",25,18,10.947172541916737,"{0: 7, 1: 0, 2: 0, 3: 0, 4: 0}",1
930,False,"{'a': 0.5, 'e': 0.009561601930543505}",20,12,16.70565942689984,"{0: 8, 1: 0, 2: 0, 3: 0, 4: 0}",1
931,False,"{'a': 0.5, 'e': 0.00951391324196363}",25,11,27.12865100828071,"{0: 14, 1: 0, 2: 0, 3: 0, 4: 0}",1
932,False,"{'a': 0.5, 'e': 0.009466462401710323}",25,17,7.799179068480834,"{0: 7, 1: 1, 2: 0, 3: 0, 4: 0}",1
933,False,"{'a': 0.5, 'e': 0.009419248223510103}",20,10,20.89238189591412,"{0: 10, 1: 0, 2: 0, 3: 0, 4: 0}",1
934,False,"{'a': 0.5, 'e': 0.009372269527006058}",30,12,29.589709180874006,"{0: 18, 1: 0, 2: 0, 3: 0, 4: 0}",1
935,False,"{'a': 0.5, 'e': 0.009325525137728326}",25,8,23.929027865278144,"{0: 17, 1: 0, 2: 0, 3: 0, 4: 0}",1
936,False,"{'a': 0.5, 'e': 0.009279013887064744}",35,21,28.813627336650235,"{0: 14, 1: 0, 2: 0, 3: 0, 4: 0}",1
937,False,"{'a': 0.5, 'e': 0.00923273461223161}",25,2,35.97037705267148,"{0: 23, 1: 0, 2: 0, 3: 0, 4: 0}",1
938,False,"{'a': 0.5, 'e': 0.009186686156244664}",20,9,21.06620983802858,"{0: 11, 1: 0, 2: 0, 3: 0, 4: 0}",1
939,False,"{'a': 0.5, 'e': 0.009140867367890097}",30,10,35.69431864220622,"{0: 20, 1: 0, 2: 0, 3: 0, 4: 0}",1
940,False,"{'a': 0.5, 'e': 0.009095277101695816}",30,17,25.62174505868183,"{0: 13, 1: 0, 2: 0, 3: 0, 4: 0}",1
941,False,"{'a': 0.5, 'e': 0.009049914217902789}",25,6,35.33871431137939,"{0: 19, 1: 0, 2: 0, 3: 0, 4: 0}",1
942,False,"{'a': 0.5, 'e': 0.00900477758243656}",25,19,11.4509626884637,"{0: 6, 1: 0, 2: 0, 3: 0, 4: 0}",1
943,False,"{'a': 0.5, 'e': 0.00895986606687889}",30,23,10.470404001416943,"{0: 7, 1: 0, 2: 0, 3: 0, 4: 0}",1
944,False,"{'a': 0.5, 'e': 0.008915178548439553}",20,14,11.567784271866735,"{0: 6, 1: 0, 2: 0, 3: 0, 4: 0}",1
945,False,"{'a': 0.5, 'e': 0.008870713909928251}",20,13,13.41354406575125,"{0: 7, 1: 0, 2: 0, 3: 0, 4: 0}",1
946,False,"{'a': 0.5, 'e': 0.008826471039726723}",25,11,23.18219456065287,"{0: 14, 1: 0, 2: 0, 3: 0, 4: 0}",1
947,False,"{'a': 0.5, 'e': 0.0087824488317609}",20,12,18.07580809124082,"{0: 8, 1: 0, 2: 0, 3: 0, 4: 0}",1
948,False,"{'a': 0.5, 'e': 0.00873864618547329}",20,13,14.100948404392893,"{0: 7, 1: 0, 2: 0, 3: 0, 4: 0}",1
949,False,"{'a': 0.5, 'e': 0.008695062005795456}",20,12,14.809308129875529,"{0: 8, 1: 0, 2: 0, 3: 0, 4: 0}",1
950,False,"{'a': 0.5, 'e': 0.008651695203120634}",30,18,22.41428131554132,"{0: 12, 1: 0, 2: 0, 3: 0, 4: 0}",1
951,False,"{'a': 0.5, 'e': 0.0086085446932765}",25,12,22.366992818302602,"{0: 13, 1: 0, 2: 0, 3: 0, 4: 0}",1
952,False,"{'a': 0.5, 'e': 0.00856560939749806}",20,10,18.67438089593073,"{0: 10, 1: 0, 2: 0, 3: 0, 4: 0}",1
953,False,"{'a': 0.5, 'e': 0.008522888242400684}",20,13,14.172353851600992,"{0: 7, 1: 0, 2: 0, 3: 0, 4: 0}",1
954,False,"{'a': 0.5, 'e': 0.00848038015995326}",20,3,28.695344405086754,"{0: 17, 1: 0, 2: 0, 3: 0, 4: 0}",1
955,False,"{'a': 0.5, 'e': 0.00843808408745153}",30,14,32.374912456999446,"{0: 16, 1: 0, 2: 0, 3: 0, 4: 0}",1
956,False,"{'a': 0.5, 'e': 0.00839599896749147}",25,15,20.781502753077056,"{0: 10, 1: 0, 2: 0, 3: 0, 4: 0}",1
957,False,"{'a': 0.5, 'e': 0.00835412374794289}",35,13,19.053190791417627,"{0: 21, 1: 0, 2: 0, 3: 1, 4: 0}",1
958,False,"{'a': 0.5, 'e': 0.008312457381923119}",25,14,23.5642471193119,"{0: 11, 1: 0, 2: 0, 3: 0, 4: 0}",1
959,False,"{'a': 0.5, 'e': 0.008270998827770836}",25,17,5.292127605241869,"{0: 7, 1: 1, 2: 0, 3: 0, 4: 0}",1
960,False,"{'a': 0.5, 'e': 0.00822974704902003}",25,13,26.801628262679582,"{0: 12, 1: 0, 2: 0, 3: 0, 4: 0}",1
961,False,"{'a': 0.5, 'e': 0.008188701014374083}",25,14,22.823227059100677,"{0: 11, 1: 0, 2: 0, 3: 0, 4: 0}",1
962,False,"{'a': 0.5, 'e': 0.008147859697679982}",20,12,16.42507052772005,"{0: 8, 1: 0, 2: 0, 3: 0, 4: 0}",1
963,False,"{'a': 0.5, 'e': 0.008107222077902699}",20,16,9.587942058494335,"{0: 4, 1: 0, 2: 0, 3: 0, 4: 0}",1
964,False,"{'a': 0.5, 'e': 0.008066787139099614}",25,14,22.11925314013265,"{0: 11, 1: 0, 2: 0, 3: 0, 4: 0}",1
965,False,"{'a': 0.5, 'e': 0.008026553870395154}",20,6,23.316415406345385,"{0: 14, 1: 0, 2: 0, 3: 0, 4: 0}",1
966,False,"{'a': 0.5, 'e': 0.007986521265955502}",20,6,23.629190785789,"{0: 14, 1: 0, 2: 0, 3: 0, 4: 0}",1
967,False,"{'a': 0.5, 'e': 0.007946688324963464}",30,17,29.16369657851606,"{0: 13, 1: 0, 2: 0, 3: 0, 4: 0}",1
968,False,"{'a': 0.5, 'e': 0.007907054051593441}",25,10,28.58431517487468,"{0: 15, 1: 0, 2: 0, 3: 0, 4: 0}",1
969,False,"{'a': 0.5, 'e': 0.007867617454986535}",25,20,10.299680236220352,"{0: 5, 1: 0, 2: 0, 3: 0, 4: 0}",1
970,False,"{'a': 0.5, 'e': 0.007828377549225767}",30,11,32.33288013471151,"{0: 19, 1: 0, 2: 0, 3: 0, 4: 0}",1
971,False,"{'a': 0.5, 'e': 0.007789333353311466}",20,11,17.53727747241204,"{0: 9, 1: 0, 2: 0, 3: 0, 4: 0}",1
972,False,"{'a': 0.5, 'e': 0.007750483891136692}",20,3,26.884125562410702,"{0: 17, 1: 0, 2: 0, 3: 0, 4: 0}",1
973,False,"{'a': 0.5, 'e': 0.0077118281914628686}",20,11,19.407670746619186,"{0: 9, 1: 0, 2: 0, 3: 0, 4: 0}",1
974,False,"{'a': 0.5, 'e': 0.007673365287895489}",20,12,16.91722871167863,"{0: 8, 1: 0, 2: 0, 3: 0, 4: 0}",1
975,False,"{'a': 0.5, 'e': 0.007635094218859962}",25,14,18.85143797253048,"{0: 11, 1: 0, 2: 0, 3: 0, 4: 0}",1
976,False,"{'a': 0.5, 'e': 0.007597014027577567}",25,16,18.4174525569372,"{0: 9, 1: 0, 2: 0, 3: 0, 4: 0}",1
977,False,"{'a': 0.5, 'e': 0.007559123762041541}",25,18,14.469999565975797,"{0: 7, 1: 0, 2: 0, 3: 0, 4: 0}",1
978,False,"{'a': 0.5, 'e': 0.00752142247499327}",20,0,36.05530217267336,"{0: 20, 1: 0, 2: 0, 3: 0, 4: 0}",0
979,False,"{'a': 0.5, 'e': 0.007483909223898608}",20,6,25.35642408127103,"{0: 14, 1: 0, 2: 0, 3: 0, 4: 0}",1
980,False,"{'a': 0.5, 'e': 0.007446583070924338}",30,24,12.824559130979306,"{0: 6, 1: 0, 2: 0, 3: 0, 4: 0}",1
981,False,"{'a': 0.5, 'e': 0.007409443082914684}",25,15,16.41438840055503,"{0: 10, 1: 0, 2: 0, 3: 0, 4: 0}",1
982,False,"{'a': 0.5, 'e': 0.007372488331368012}",30,18,23.780755672534827,"{0: 12, 1: 0, 2: 0, 3: 0, 4: 0}",1
983,False,"{'a': 0.5, 'e': 0.007335717892413608}",20,9,23.897913114313184,"{0: 11, 1: 0, 2: 0, 3: 0, 4: 0}",1
984,False,"{'a': 0.5, 'e': 0.007299130846788583}",20,14,10.302449995188995,"{0: 6, 1: 0, 2: 0, 3: 0, 4: 0}",1
985,False,"{'a': 0.5, 'e': 0.0072627262798148915}",25,7,33.81917680967109,"{0: 18, 1: 0, 2: 0, 3: 0, 4: 0}",1
986,False,"{'a': 0.5, 'e': 0.0072265032813764625}",35,15,37.713457596938795,"{0: 20, 1: 0, 2: 0, 3: 0, 4: 0}",1
987,False,"{'a': 0.5, 'e': 0.007190460945896442}",20,6,13.068646236998795,"{0: 13, 1: 0, 2: 1, 3: 0, 4: 0}",1
988,False,"{'a': 0.5, 'e': 0.007154598372314579}",20,0,31.43312989887089,"{0: 20, 1: 0, 2: 0, 3: 0, 4: 0}",0
989,False,"{'a': 0.5, 'e': 0.00711891466406466}",30,12,33.112779315288286,"{0: 18, 1: 0, 2: 0, 3: 0, 4: 0}",1
990,False,"{'a': 0.5, 'e': 0.0070834089290521185}",20,2,28.75531078221581,"{0: 18, 1: 0, 2: 0, 3: 0, 4: 0}",1
991,False,"{'a': 0.5, 'e': 0.007048080279631732}",25,10,27.885447028517593,"{0: 15, 1: 0, 2: 0, 3: 0, 4: 0}",1
992,False,"{'a': 0.5, 'e': 0.007012927832585425}",30,12,32.63243375168251,"{0: 18, 1: 0, 2: 0, 3: 0, 4: 0}",1
993,False,"{'a': 0.5, 'e': 0.0069779507091001875}",20,13,14.626781788413913,"{0: 7, 1: 0, 2: 0, 3: 0, 4: 0}",1
994,False,"{'a': 0.5, 'e': 0.0069431480347461145}",30,15,27.341139105730818,"{0: 15, 1: 0, 2: 0, 3: 0, 4: 0}",1
995,False,"{'a': 0.5, 'e': 0.006908518939454525}",25,15,20.113591477940762,"{0: 10, 1: 0, 2: 0, 3: 0, 4: 0}",1
996,False,"{'a': 0.5, 'e': 0.006874062557496248}",30,23,13.621826773315268,"{0: 7, 1: 0, 2: 0, 3: 0, 4: 0}",1
997,False,"{'a': 0.5, 'e': 0.006839778027459933}",25,13,20.491875472078725,"{0: 12, 1: 0, 2: 0, 3: 0, 4: 0}",1
998,False,"{'a': 0.5, 'e': 0.006805664492230543}",30,22,18.731461604289507,"{0: 8, 1: 0, 2: 0, 3: 0, 4: 0}",1
999,False,"{'a': 0.5, 'e': 0.006771721098967921}",20,3,26.451451915765166,"{0: 16, 1: 1, 2: 0, 3: 0, 4: 0}",1
1000,False,"{'a': 0.5, 'e': 0.006737946999085467}",25,19,13.128067880176065,"{0: 6, 1: 0, 2: 0, 3: 0, 4: 0}",1
1001,False,"{'a': 0.5, 'e': 0.006704341348228926}",25,15,15.51691822932622,"{0: 10, 1: 0, 2: 0, 3: 0, 4: 0}",1
1002,False,"{'a': 0.5, 'e': 0.0066709033062552735}",30,12,32.4151587477152,"{0: 18, 1: 0, 2: 0, 3: 0, 4: 0}",1
1003,False,"{'a': 0.5, 'e': 0.0066376320372117225}",30,18,21.67826167551512,"{0: 12, 1: 0, 2: 0, 3: 0, 4: 0}",1
1004,False,"{'a': 0.5, 'e': 0.006604526709314805}",20,6,26.418484784659192,"{0: 14, 1: 0, 2: 0, 3: 0, 4: 0}",1
1005,False,"{'a': 0.5, 'e': 0.006571586494929613}",30,0,47.4918708761468,"{0: 30, 1: 0, 2: 0, 3: 0, 4: 0}",0
1006,False,"{'a': 0.5, 'e': 0.006538810570549064}",25,13,22.61388951516145,"{0: 12, 1: 0, 2: 0, 3: 0, 4: 0}",1
1007,False,"{'a': 0.5, 'e': 0.006506198116773342}",35,23,26.327750539953424,"{0: 12, 1: 0, 2: 0, 3: 0, 4: 0}",1
1008,False,"{'a': 0.5, 'e': 0.006473748318289405}",20,9,20.84773584606581,"{0: 11, 1: 0, 2: 0, 3: 0, 4: 0}",1
1009,False,"{'a': 0.5, 'e': 0.006441460363850599}",25,8,32.408307402008504,"{0: 17, 1: 0, 2: 0, 3: 0, 4: 0}",1
1010,False,"{'a': 0.5, 'e': 0.006409333446256383}",30,12,27.976842953957167,"{0: 18, 1: 0, 2: 0, 3: 0, 4: 0}",1
1011,False,"{'a': 0.5, 'e': 0.0063773667623321425}",20,6,21.981684461479098,"{0: 14, 1: 0, 2: 0, 3: 0, 4: 0}",1
1012,False,"{'a': 0.5, 'e': 0.00634555951290911}",25,13,21.1220790383966,"{0: 12, 1: 0, 2: 0, 3: 0, 4: 0}",1
1013,False,"{'a': 0.5, 'e': 0.006313910902804404}",25,14,18.98807940880956,"{0: 11, 1: 0, 2: 0, 3: 0, 4: 0}",1
1014,False,"{'a': 0.5, 'e': 0.006282420140801118}",30,24,10.460363436091194,"{0: 6, 1: 0, 2: 0, 3: 0, 4: 0}",1
1015,False,"{'a': 0.5, 'e': 0.006251086439628561}",20,13,13.785840414406671,"{0: 7, 1: 0, 2: 0, 3: 0, 4: 0}",1
1016,False,"{'a': 0.5, 'e': 0.006219909015942573}",20,8,21.295759367296952,"{0: 12, 1: 0, 2: 0, 3: 0, 4: 0}",1
1017,False,"{'a': 0.5, 'e': 0.006188887090305937}",20,11,-24.40232181911195,"{0: 8, 1: 0, 2: 0, 3: 0, 4: 1}",1
1018,False,"{'a': 0.5, 'e': 0.006158019887168897}",30,17,21.461089201853106,"{0: 13, 1: 0, 2: 0, 3: 0, 4: 0}",1
1019,False,"{'a': 0.5, 'e': 0.006127306634849766}",20,16,7.639447244080291,"{0: 4, 1: 0, 2: 0, 3: 0, 4: 0}",1
1020,False,"{'a': 0.5, 'e': 0.006096746565515633}",20,10,19.2482745737602,"{0: 10, 1: 0, 2: 0, 3: 0, 4: 0}",1
1021,False,"{'a': 0.5, 'e': 0.0060663389151631815}",25,10,28.71235363377381,"{0: 15, 1: 0, 2: 0, 3: 0, 4: 0}",1
1022,False,"{'a': 0.5, 'e': 0.006036082923599565}",20,14,11.866416529557249,"{0: 6, 1: 0, 2: 0, 3: 0, 4: 0}",1
1023,False,"{'a': 0.5, 'e': 0.0060059778344234175}",20,6,22.894418866978548,"{0: 14, 1: 0, 2: 0, 3: 0, 4: 0}",1
1024,False,"{'a': 0.5, 'e': 0.005976022895005943}",20,15,10.113913471964036,"{0: 5, 1: 0, 2: 0, 3: 0, 4: 0}",1
1025,False,"{'a': 0.5, 'e': 0.005946217356472094}",20,11,17.555571910379953,"{0: 9, 1: 0, 2: 0, 3: 0, 4: 0}",1
1026,False,"{'a': 0.5, 'e': 0.005916560473681857}",25,10,24.479662144809954,"{0: 15, 1: 0, 2: 0, 3: 0, 4: 0}",1
1027,False,"{'a': 0.5, 'e': 0.0058870515052116155}",25,10,16.629750654387813,"{0: 14, 1: 1, 2: 0, 3: 0, 4: 0}",1
1028,False,"{'a': 0.5, 'e': 0.0058576897133356225}",20,0,27.6224996173854,"{0: 20, 1: 0, 2: 0, 3: 0, 4: 0}",0
1029,False,"{'a': 0.5, 'e': 0.005828474364007546}",20,10,20.164643383880083,"{0: 10, 1: 0, 2: 0, 3: 0, 4: 0}",1
1030,False,"{'a': 0.5, 'e': 0.005799404726842141}",25,19,14.236357158076686,"{0: 6, 1: 0, 2: 0, 3: 0, 4: 0}",1
1031,False,"{'a': 0.5, 'e': 0.0057704800750969605}",20,10,19.30704299838353,"{0: 10, 1: 0, 2: 0, 3: 0, 4: 0}",1
1032,False,"{'a': 0.5, 'e': 0.005741699685654202}",35,18,26.67640969319593,"{0: 16, 1: 1, 2: 0, 3: 0, 4: 0}",1
1033,False,"{'a': 0.5, 'e': 0.0057130628390026335}",30,0,44.65399080957231,"{0: 30, 1: 0, 2: 0, 3: 0, 4: 0}",1
1034,False,"{'a': 0.5, 'e': 0.005684568819219595}",20,0,32.72013578656072,"{0: 20, 1: 0, 2: 0, 3: 0, 4: 0}",0
1035,False,"{'a': 0.5, 'e': 0.005656216913953108}",25,13,25.527984815127425,"{0: 12, 1: 0, 2: 0, 3: 0, 4: 0}",1
1036,False,"{'a': 0.5, 'e': 0.005628006414404065}",30,9,20.396002827985974,"{0: 20, 1: 0, 2: 0, 3: 1, 4: 0}",1
1037,False,"{'a': 0.5, 'e': 0.005599936615308504}",20,9,19.25366644705537,"{0: 11, 1: 0, 2: 0, 3: 0, 4: 0}",1
1038,False,"{'a': 0.5, 'e': 0.005572006814919993}",25,13,21.773118969439274,"{0: 12, 1: 0, 2: 0, 3: 0, 4: 0}",1
1039,False,"{'a': 0.5, 'e': 0.005544216314992064}",25,19,11.873521730640945,"{0: 6, 1: 0, 2: 0, 3: 0, 4: 0}",1
1040,False,"{'a': 0.5, 'e': 0.0055165644207607716}",20,10,18.313851557985416,"{0: 10, 1: 0, 2: 0, 3: 0, 4: 0}",1
1041,False,"{'a': 0.5, 'e': 0.0054890504409273195}",25,10,24.492575241799443,"{0: 15, 1: 0, 2: 0, 3: 0, 4: 0}",1
1042,False,"{'a': 0.5, 'e': 0.005461673687640779}",25,14,20.980257173300437,"{0: 11, 1: 0, 2: 0, 3: 0, 4: 0}",1
1043,False,"{'a': 0.5, 'e': 0.005434433476480891}",20,11,15.332967968556387,"{0: 9, 1: 0, 2: 0, 3: 0, 4: 0}",1
1044,False,"{'a': 0.5, 'e': 0.00540732912644096}",20,14,15.141505309460179,"{0: 6, 1: 0, 2: 0, 3: 0, 4: 0}",1
1045,False,"{'a': 0.5, 'e': 0.005380359959910816}",30,18,20.61567491577052,"{0: 12, 1: 0, 2: 0, 3: 0, 4: 0}",1
1046,False,"{'a': 0.5, 'e': 0.005353525302659903}",20,13,12.957343793105569,"{0: 7, 1: 0, 2: 0, 3: 0, 4: 0}",1
1047,False,"{'a': 0.5, 'e': 0.005326824483820385}",20,8,25.873457586708994,"{0: 12, 1: 0, 2: 0, 3: 0, 4: 0}",1
1048,False,"{'a': 0.5, 'e': 0.005300256835870402}",25,8,30.945257813625844,"{0: 17, 1: 0, 2: 0, 3: 0, 4: 0}",1
1049,False,"{'a': 0.5, 'e': 0.005273821694617371}",20,5,26.08854852355973,"{0: 15, 1: 0, 2: 0, 3: 0, 4: 0}",1
1050,False,"{'a': 0.5, 'e': 0.005247518399181385}",20,0,33.56622876335222,"{0: 20, 1: 0, 2: 0, 3: 0, 4: 0}",1
1051,False,"{'a': 0.5, 'e': 0.005221346291978685}",20,10,19.45138115338146,"{0: 10, 1: 0, 2: 0, 3: 0, 4: 0}",1
1052,False,"{'a': 0.5, 'e': 0.005195304718705231}",25,14,19.77938084125593,"{0: 11, 1: 0, 2: 0, 3: 0, 4: 0}",1
1053,False,"{'a': 0.5, 'e': 0.0051693930283203335}",30,10,32.94515695922349,"{0: 20, 1: 0, 2: 0, 3: 0, 4: 0}",1
1054,False,"{'a': 0.5, 'e': 0.005143610573030379}",30,13,30.17267240119539,"{0: 17, 1: 0, 2: 0, 3: 0, 4: 0}",1
1055,False,"{'a': 0.5, 'e': 0.005117956708272651}",30,18,22.573799657510374,"{0: 12, 1: 0, 2: 0, 3: 0, 4: 0}",1
1056,False,"{'a': 0.5, 'e': 0.00509243079269919}",30,15,25.721979588904507,"{0: 15, 1: 0, 2: 0, 3: 0, 4: 0}",1
1057,False,"{'a': 0.5, 'e': 0.005067032188160779}",25,13,19.555579899241078,"{0: 12, 1: 0, 2: 0, 3: 0, 4: 0}",1
1058,False,"{'a': 0.5, 'e': 0.005041760259690979}",20,10,18.595527597221814,"{0: 10, 1: 0, 2: 0, 3: 0, 4: 0}",1
1059,False,"{'a': 0.5, 'e': 0.005016614375490263}",20,0,25.70139902741545,"{0: 20, 1: 0, 2: 0, 3: 0, 4: 0}",0
1060,False,"{'a': 0.5, 'e': 0.004991593906910217}",20,11,16.816984821832087,"{0: 9, 1: 0, 2: 0, 3: 0, 4: 0}",1
1061,False,"{'a': 0.5, 'e': 0.004966698228437823}",25,7,35.32881860211743,"{0: 18, 1: 0, 2: 0, 3: 0, 4: 0}",1
1062,False,"{'a': 0.5, 'e': 0.004941926717679818}",30,16,25.193317096651956,"{0: 14, 1: 0, 2: 0, 3: 0, 4: 0}",1
1063,False,"{'a': 0.5, 'e': 0.004917278755347151}",25,14,18.026237708581938,"{0: 11, 1: 0, 2: 0, 3: 0, 4: 0}",1
1064,False,"{'a': 0.5, 'e': 0.004892753725239476}",20,7,20.54555046968791,"{0: 13, 1: 0, 2: 0, 3: 0, 4: 0}",1
1065,False,"{'a': 0.5, 'e': 0.004868351014229763}",30,13,30.573307205750535,"{0: 17, 1: 0, 2: 0, 3: 0, 4: 0}",1
1066,False,"{'a': 0.5, 'e': 0.004844070012248967}",25,16,18.292179267726624,"{0: 9, 1: 0, 2: 0, 3: 0, 4: 0}",1
1067,False,"{'a': 0.5, 'e': 0.004819910112270772}",30,13,29.734184462272577,"{0: 17, 1: 0, 2: 0, 3: 0, 4: 0}",1
1068,False,"{'a': 0.5, 'e': 0.004795870710296421}",20,3,31.140564480901133,"{0: 17, 1: 0, 2: 0, 3: 0, 4: 0}",1
1069,False,"{'a': 0.5, 'e': 0.0047719512053396125}",20,12,17.127823923290187,"{0: 8, 1: 0, 2: 0, 3: 0, 4: 0}",1
1070,False,"{'a': 0.5, 'e': 0.004748150999411473}",25,11,27.214745759019014,"{0: 14, 1: 0, 2: 0, 3: 0, 4: 0}",1
1071,False,"{'a': 0.5, 'e': 0.004724469497505623}",25,13,21.930970552751575,"{0: 12, 1: 0, 2: 0, 3: 0, 4: 0}",1
1072,False,"{'a': 0.5, 'e': 0.004700906107583276}",30,16,25.198457304594037,"{0: 14, 1: 0, 2: 0, 3: 0, 4: 0}",1
1073,False,"{'a': 0.5, 'e': 0.004677460240558458}",30,11,35.69409173192899,"{0: 19, 1: 0, 2: 0, 3: 0, 4: 0}",1
1074,False,"{'a': 0.5, 'e': 0.004654131310283272}",30,15,24.782995647171013,"{0: 15, 1: 0, 2: 0, 3: 0, 4: 0}",1
1075,False,"{'a': 0.5, 'e': 0.004630918733533246}",25,15,16.833173703078593,"{0: 10, 1: 0, 2: 0, 3: 0, 4: 0}",1
1076,False,"{'a': 0.5, 'e': 0.004607821929992752}",20,9,20.382284913478724,"{0: 11, 1: 0, 2: 0, 3: 0, 4: 0}",1
1077,False,"{'a': 0.5, 'e': 0.004584840322240499}",25,17,15.349530066306109,"{0: 8, 1: 0, 2: 0, 3: 0, 4: 0}",1
1078,False,"{'a': 0.5, 'e': 0.004561973335735096}",20,14,12.484688842273126,"{0: 6, 1: 0, 2: 0, 3: 0, 4: 0}",1
1079,False,"{'a': 0.5, 'e': 0.004539220398800685}",20,6,24.894066886960584,"{0: 14, 1: 0, 2: 0, 3: 0, 4: 0}",1
1080,False,"{'a': 0.5, 'e': 0.004516580942612666}",25,9,25.817983514052784,"{0: 16, 1: 0, 2: 0, 3: 0, 4: 0}",1
1081,False,"{'a': 0.5, 'e': 0.004494054401183452}",30,13,32.14231127637702,"{0: 17, 1: 0, 2: 0, 3: 0, 4: 0}",1
1082,False,"{'a': 0.5, 'e': 0.004471640211348332}",25,10,30.080815986648265,"{0: 15, 1: 0, 2: 0, 3: 0, 4: 0}",1
1083,False,"{'a': 0.5, 'e': 0.004449337812751394}",25,7,33.67596115463067,"{0: 18, 1: 0, 2: 0, 3: 0, 4: 0}",1
1084,False,"{'a': 0.5, 'e': 0.004427146647831511}",25,16,15.941431863003864,"{0: 9, 1: 0, 2: 0, 3: 0, 4: 0}",1
1085,False,"{'a': 0.5, 'e': 0.004405066161808406}",20,13,14.031834018664682,"{0: 7, 1: 0, 2: 0, 3: 0, 4: 0}",1
1086,False,"{'a': 0.5, 'e': 0.004383095802668776}",25,15,19.223310069787406,"{0: 10, 1: 0, 2: 0, 3: 0, 4: 0}",1
1087,False,"{'a': 0.5, 'e': 0.004361235021152495}",25,18,11.452461590047228,"{0: 7, 1: 0, 2: 0, 3: 0, 4: 0}",1
1088,False,"{'a': 0.5, 'e': 0.004339483270738895}",20,7,16.925372437647006,"{0: 13, 1: 0, 2: 0, 3: 0, 4: 0}",1
1089,False,"{'a': 0.5, 'e': 0.004317840007633078}",30,15,29.20163608352262,"{0: 15, 1: 0, 2: 0, 3: 0, 4: 0}",1
1090,False,"{'a': 0.5, 'e': 0.00429630469075234}",25,7,32.34405944793407,"{0: 18, 1: 0, 2: 0, 3: 0, 4: 0}",1
1091,False,"{'a': 0.5, 'e': 0.004274876781712636}",25,10,29.809646177142213,"{0: 15, 1: 0, 2: 0, 3: 0, 4: 0}",1
1092,False,"{'a': 0.5, 'e': 0.004253555744815125}",30,5,44.55024345808957,"{0: 25, 1: 0, 2: 0, 3: 0, 4: 0}",1
1093,False,"{'a': 0.5, 'e': 0.004232341047032775}",20,13,12.555180200543866,"{0: 7, 1: 0, 2: 0, 3: 0, 4: 0}",1
1094,False,"{'a': 0.5, 'e': 0.004211232157997035}",20,11,15.244296745150532,"{0: 9, 1: 0, 2: 0, 3: 0, 4: 0}",1
1095,False,"{'a': 0.5, 'e': 0.004190228549984576}",20,8,23.864490974572114,"{0: 12, 1: 0, 2: 0, 3: 0, 4: 0}",1
1096,False,"{'a': 0.5, 'e': 0.0041693296979041115}",20,10,19.727436226149337,"{0: 10, 1: 0, 2: 0, 3: 0, 4: 0}",1
1097,False,"{'a': 0.5, 'e': 0.004148535079283248}",20,8,22.015510902129986,"{0: 12, 1: 0, 2: 0, 3: 0, 4: 0}",1
1098,False,"{'a': 0.5, 'e': 0.004127844174255436}",25,2,39.32134683494112,"{0: 23, 1: 0, 2: 0, 3: 0, 4: 0}",1
1099,False,"{'a': 0.5, 'e': 0.004107256465546973}",25,11,29.353202605652882,"{0: 14, 1: 0, 2: 0, 3: 0, 4: 0}",1
1100,False,"{'a': 0.5, 'e': 0.004086771438464067}",30,13,31.554392398035183,"{0: 17, 1: 0, 2: 0, 3: 0, 4: 0}",1
1101,False,"{'a': 0.5, 'e': 0.004066388580879976}",25,11,23.1827967754631,"{0: 14, 1: 0, 2: 0, 3: 0, 4: 0}",1
1102,False,"{'a': 0.5, 'e': 0.004046107383222199}",25,10,16.27798937008227,"{0: 14, 1: 0, 2: 1, 3: 0, 4: 0}",1
1103,False,"{'a': 0.5, 'e': 0.004025927338459737}",30,10,37.89532976300919,"{0: 20, 1: 0, 2: 0, 3: 0, 4: 0}",1
1104,False,"{'a': 0.5, 'e': 0.004005847942090417}",25,14,14.236385227920685,"{0: 11, 1: 0, 2: 0, 3: 0, 4: 0}",1
1105,False,"{'a': 0.5, 'e': 0.0039858686921282905}",30,10,38.56075586163563,"{0: 20, 1: 0, 2: 0, 3: 0, 4: 0}",1
1106,False,"{'a': 0.5, 'e': 0.003965989089091065}",20,3,26.743251734982156,"{0: 17, 1: 0, 2: 0, 3: 0, 4: 0}",1
1107,False,"{'a': 0.5, 'e': 0.0039462086359876285}",25,20,9.418704700069224,"{0: 5, 1: 0, 2: 0, 3: 0, 4: 0}",1
1108,False,"{'a': 0.5, 'e': 0.003926526838305624}",25,10,27.283417527519816,"{0: 15, 1: 0, 2: 0, 3: 0, 4: 0}",1
1109,False,"{'a': 0.5, 'e': 0.003906943203999084}",20,12,16.951888989621935,"{0: 8, 1: 0, 2: 0, 3: 0, 4: 0}",1
1110,False,"{'a': 0.5, 'e': 0.0038874572434761303}",20,11,14.825144212176086,"{0: 9, 1: 0, 2: 0, 3: 0, 4: 0}",1
1111,False,"{'a': 0.5, 'e': 0.0038680684695867355}",25,14,21.230083978631022,"{0: 11, 1: 0, 2: 0, 3: 0, 4: 0}",1
1112,False,"{'a': 0.5, 'e': 0.0038487763976105395}",25,2,40.95154840155378,"{0: 23, 1: 0, 2: 0, 3: 0, 4: 0}",1
1113,False,"{'a': 0.5, 'e': 0.003829580545244744}",20,6,26.307795480477797,"{0: 14, 1: 0, 2: 0, 3: 0, 4: 0}",1
1114,False,"{'a': 0.5, 'e': 0.003810480432592037}",20,0,33.76615865971449,"{0: 20, 1: 0, 2: 0, 3: 0, 4: 0}",1
1115,False,"{'a': 0.5, 'e': 0.003791475582148608}",25,6,30.98371178563833,"{0: 19, 1: 0, 2: 0, 3: 0, 4: 0}",1
1116,False,"{'a': 0.5, 'e': 0.0037725655187922052}",20,4,27.228143226841656,"{0: 16, 1: 0, 2: 0, 3: 0, 4: 0}",1
1117,False,"{'a': 0.5, 'e': 0.0037537497697702604}",25,1,12.627345574196948,"{0: 23, 1: 0, 2: 0, 3: 1, 4: 0}",1
1118,False,"{'a': 0.5, 'e': 0.0037350278646880674}",20,9,20.120182601472788,"{0: 11, 1: 0, 2: 0, 3: 0, 4: 0}",1
1119,False,"{'a': 0.5, 'e': 0.0037163993354970247}",25,16,-3.574350405402603,"{0: 8, 1: 0, 2: 0, 3: 1, 4: 0}",1
1120,False,"{'a': 0.5, 'e': 0.003697863716482929}",20,3,28.783560953506722,"{0: 17, 1: 0, 2: 0, 3: 0, 4: 0}",1
1121,False,"{'a': 0.5, 'e': 0.0036794205442543457}",25,12,21.373363235771386,"{0: 13, 1: 0, 2: 0, 3: 0, 4: 0}",1
1122,False,"{'a': 0.5, 'e': 0.0036610693577310053}",20,13,15.112568182167076,"{0: 7, 1: 0, 2: 0, 3: 0, 4: 0}",1
1123,False,"{'a': 0.5, 'e': 0.003642809698132289}",35,20,32.81679811540932,"{0: 15, 1: 0, 2: 0, 3: 0, 4: 0}",1
1124,False,"{'a': 0.5, 'e': 0.0036246411089657558}",30,8,32.4856481788525,"{0: 22, 1: 0, 2: 0, 3: 0, 4: 0}",1
1125,False,"{'a': 0.5, 'e': 0.0036065631360157305}",20,12,11.657898138514506,"{0: 8, 1: 0, 2: 0, 3: 0, 4: 0}",1
1126,False,"{'a': 0.5, 'e': 0.0035885753273319477}",20,10,20.361180380582443,"{0: 10, 1: 0, 2: 0, 3: 0, 4: 0}",1
1127,False,"{'a': 0.5, 'e': 0.003570677233218253}",20,11,14.772276802468857,"{0: 9, 1: 0, 2: 0, 3: 0, 4: 0}",1
1128,False,"{'a': 0.5, 'e': 0.003552868406221362}",20,8,20.070337893151454,"{0: 12, 1: 0, 2: 0, 3: 0, 4: 0}",1
1129,False,"{'a': 0.5, 'e': 0.0035351484011196684}",25,17,17.386326051795344,"{0: 8, 1: 0, 2: 0, 3: 0, 4: 0}",1
1130,False,"{'a': 0.5, 'e': 0.0035175167749121284}",20,16,8.260234613815605,"{0: 4, 1: 0, 2: 0, 3: 0, 4: 0}",1
1131,False,"{'a': 0.5, 'e': 0.0034999730868071656}",20,14,10.172748777977935,"{0: 6, 1: 0, 2: 0, 3: 0, 4: 0}",1
1132,False,"{'a': 0.5, 'e': 0.003482516898211663}",25,3,32.76128967639844,"{0: 22, 1: 0, 2: 0, 3: 0, 4: 0}",1
1133,False,"{'a': 0.5, 'e': 0.003465147772719998}",20,14,10.818224477896093,"{0: 6, 1: 0, 2: 0, 3: 0, 4: 0}",1
1134,False,"{'a': 0.5, 'e': 0.0034478652761031265}",20,5,26.917658092021746,"{0: 15, 1: 0, 2: 0, 3: 0, 4: 0}",1
1135,False,"{'a': 0.5, 'e': 0.0034306689762977345}",25,0,38.135841303443485,"{0: 25, 1: 0, 2: 0, 3: 0, 4: 0}",0
1136,False,"{'a': 0.5, 'e': 0.0034135584433954303}",20,14,11.693084553646408,"{0: 6, 1: 0, 2: 0, 3: 0, 4: 0}",1
1137,False,"{'a': 0.5, 'e': 0.003396533249631998}",25,11,29.676088208933134,"{0: 14, 1: 0, 2: 0, 3: 0, 4: 0}",1
1138,False,"{'a': 0.5, 'e': 0.0033795929693767124}",20,12,14.815859067342677,"{0: 8, 1: 0, 2: 0, 3: 0, 4: 0}",1
1139,False,"{'a': 0.5, 'e': 0.003362737179121682}",20,13,11.463858129522173,"{0: 7, 1: 0, 2: 0, 3: 0, 4: 0}",1
1140,False,"{'a': 0.5, 'e': 0.003345965457471272}",20,5,23.582039203489387,"{0: 15, 1: 0, 2: 0, 3: 0, 4: 0}",1
1141,False,"{'a': 0.5, 'e': 0.0033292773851315684}",20,16,8.171960628552622,"{0: 4, 1: 0, 2: 0, 3: 0, 4: 0}",1
1142,False,"{'a': 0.5, 'e': 0.0033126725448998926}",25,17,14.5260501154261,"{0: 8, 1: 0, 2: 0, 3: 0, 4: 0}",1
1143,False,"{'a': 0.5, 'e': 0.003296150521654375}",20,8,23.913305243485055,"{0: 12, 1: 0, 2: 0, 3: 0, 4: 0}",1
1144,False,"{'a': 0.5, 'e': 0.003279710902343573}",30,18,25.463441157145795,"{0: 12, 1: 0, 2: 0, 3: 0, 4: 0}",1
1145,False,"{'a': 0.5, 'e': 0.0032633532759761452}",35,17,29.977501528501087,"{0: 18, 1: 0, 2: 0, 3: 0, 4: 0}",1
1146,False,"{'a': 0.5, 'e': 0.0032470772336105863}",20,0,31.789000218684443,"{0: 20, 1: 0, 2: 0, 3: 0, 4: 0}",1
1147,False,"{'a': 0.5, 'e': 0.003230882368344986}",20,12,15.8997616522024,"{0: 8, 1: 0, 2: 0, 3: 0, 4: 0}",1
1148,False,"{'a': 0.5, 'e': 0.00321476827530687}",20,2,32.66563719747044,"{0: 18, 1: 0, 2: 0, 3: 0, 4: 0}",1
1149,False,"{'a': 0.5, 'e': 0.0031987345516430728}",20,11,18.192764362212532,"{0: 9, 1: 0, 2: 0, 3: 0, 4: 0}",1
1150,False,"{'a': 0.5, 'e': 0.003182780796509667}",20,8,23.011266897639537,"{0: 12, 1: 0, 2: 0, 3: 0, 4: 0}",1
1151,False,"{'a': 0.5, 'e': 0.0031669066110619442}",30,0,45.3735584404569,"{0: 30, 1: 0, 2: 0, 3: 0, 4: 0}",0
1152,False,"{'a': 0.5, 'e': 0.0031511115984444414}",20,9,17.785759409307317,"{0: 11, 1: 0, 2: 0, 3: 0, 4: 0}",1
1153,False,"{'a': 0.5, 'e': 0.0031353953637810197}",20,0,31.27427644728857,"{0: 20, 1: 0, 2: 0, 3: 0, 4: 0}",0
1154,False,"{'a': 0.5, 'e': 0.003119757514164992}",20,2,33.98893993023926,"{0: 18, 1: 0, 2: 0, 3: 0, 4: 0}",1
1155,False,"{'a': 0.5, 'e': 0.0031041976586493087}",20,0,32.49513090019472,"{0: 20, 1: 0, 2: 0, 3: 0, 4: 0}",0
1156,False,"{'a': 0.5, 'e': 0.0030887154082367687}",20,3,26.281008560234152,"{0: 17, 1: 0, 2: 0, 3: 0, 4: 0}",1
1157,False,"{'a': 0.5, 'e': 0.0030733103758703055}",20,12,18.58037906039662,"{0: 8, 1: 0, 2: 0, 3: 0, 4: 0}",1
1158,False,"{'a': 0.5, 'e': 0.0030579821764233073}",30,16,25.299691966643692,"{0: 14, 1: 0, 2: 0, 3: 0, 4: 0}",1
1159,False,"{'a': 0.5, 'e': 0.0030427304266899898}",20,0,32.16953044535817,"{0: 20, 1: 0, 2: 0, 3: 0, 4: 0}",0
1160,False,"{'a': 0.5, 'e': 0.0030275547453758153}",35,4,48.17523351022575,"{0: 31, 1: 0, 2: 0, 3: 0, 4: 0}",1
1161,False,"{'a': 0.5, 'e': 0.0030124547530879604}",25,19,11.465905073536433,"{0: 6, 1: 0, 2: 0, 3: 0, 4: 0}",1
1162,False,"{'a': 0.5, 'e': 0.0029974300723258286}",20,14,11.27956915140539,"{0: 6, 1: 0, 2: 0, 3: 0, 4: 0}",1
1163,False,"{'a': 0.5, 'e': 0.002982480327471624}",20,11,13.560646894366231,"{0: 9, 1: 0, 2: 0, 3: 0, 4: 0}",1
1164,False,"{'a': 0.5, 'e': 0.002967605144780944}",20,10,22.5101209704219,"{0: 10, 1: 0, 2: 0, 3: 0, 4: 0}",1
1165,False,"{'a': 0.5, 'e': 0.0029528041523734466}",20,13,13.13238508635999,"{0: 7, 1: 0, 2: 0, 3: 0, 4: 0}",1
1166,False,"{'a': 0.5, 'e': 0.0029380769802235503}",25,15,18.600971589466965,"{0: 10, 1: 0, 2: 0, 3: 0, 4: 0}",1
1167,False,"{'a': 0.5, 'e': 0.0029234232601511845}",30,18,23.81310321832819,"{0: 12, 1: 0, 2: 0, 3: 0, 4: 0}",1
1168,False,"{'a': 0.5, 'e': 0.002908842625812584}",30,7,42.65890714610544,"{0: 23, 1: 0, 2: 0, 3: 0, 4: 0}",1
1169,False,"{'a': 0.5, 'e': 0.0028943347126911315}",25,11,26.648458479750992,"{0: 14, 1: 0, 2: 0, 3: 0, 4: 0}",1
1170,False,"{'a': 0.5, 'e': 0.0028798991580882404}",20,8,24.352177375193403,"{0: 12, 1: 0, 2: 0, 3: 0, 4: 0}",1
1171,False,"{'a': 0.5, 'e': 0.002865535601114299}",20,15,9.61841529081653,"{0: 5, 1: 0, 2: 0, 3: 0, 4: 0}",1
1172,False,"{'a': 0.5, 'e': 0.0028512436826796323}",20,10,21.130478231819147,"{0: 10, 1: 0, 2: 0, 3: 0, 4: 0}",1
1173,False,"{'a': 0.5, 'e': 0.0028370230454855348}",20,9,20.677952285923293,"{0: 11, 1: 0, 2: 0, 3: 0, 4: 0}",1
1174,False,"{'a': 0.5, 'e': 0.0028228733340153363}",30,24,11.155261101906046,"{0: 6, 1: 0, 2: 0, 3: 0, 4: 0}",1
1175,False,"{'a': 0.5, 'e': 0.0028087941945255128}",25,7,33.9386623643215,"{0: 18, 1: 0, 2: 0, 3: 0, 4: 0}",1
1176,False,"{'a': 0.5, 'e': 0.0027947852750368437}",35,28,10.719061097212592,"{0: 7, 1: 0, 2: 0, 3: 0, 4: 0}",1
1177,False,"{'a': 0.5, 'e': 0.0027808462253256128}",20,6,24.226660623395475,"{0: 14, 1: 0, 2: 0, 3: 0, 4: 0}",1
1178,False,"{'a': 0.5, 'e': 0.002766976696914851}",25,19,10.663433536600444,"{0: 6, 1: 0, 2: 0, 3: 0, 4: 0}",1
1179,False,"{'a': 0.5, 'e': 0.0027531763430656228}",20,15,11.717127582600328,"{0: 5, 1: 0, 2: 0, 3: 0, 4: 0}",1
1180,False,"{'a': 0.5, 'e': 0.0027394448187683684}",25,7,29.92349235776253,"{0: 18, 1: 0, 2: 0, 3: 0, 4: 0}",1
1181,False,"{'a': 0.5, 'e': 0.002725781780734263}",20,0,30.940659502147472,"{0: 20, 1: 0, 2: 0, 3: 0, 4: 0}",0
1182,False,"{'a': 0.5, 'e': 0.0027121868873866434}",20,10,20.83217434685123,"{0: 10, 1: 0, 2: 0, 3: 0, 4: 0}",1
1183,False,"{'a': 0.5, 'e': 0.0026986597988524685}",20,11,17.425763643737646,"{0: 9, 1: 0, 2: 0, 3: 0, 4: 0}",1
1184,False,"{'a': 0.5, 'e': 0.0026852001769538205}",25,7,29.349838962893184,"{0: 18, 1: 0, 2: 0, 3: 0, 4: 0}",1
1185,False,"{'a': 0.5, 'e': 0.0026718076851994506}",20,10,14.666269145983208,"{0: 10, 1: 0, 2: 0, 3: 0, 4: 0}",1
1186,False,"{'a': 0.5, 'e': 0.002658481988776367}",25,13,24.637697355019814,"{0: 12, 1: 0, 2: 0, 3: 0, 4: 0}",1
1187,False,"{'a': 0.5, 'e': 0.0026452227545414636}",20,0,26.852598911689718,"{0: 19, 1: 1, 2: 0, 3: 0, 4: 0}",1
1188,False,"{'a': 0.5, 'e': 0.0026320296510131984}",20,6,26.127263385801093,"{0: 14, 1: 0, 2: 0, 3: 0, 4: 0}",1
1189,False,"{'a': 0.5, 'e': 0.002618902348363293}",20,12,5.738545756587075,"{0: 7, 1: 0, 2: 1, 3: 0, 4: 0}",1
1190,False,"{'a': 0.5, 'e': 0.0026058405184084983}",20,8,22.84680818798265,"{0: 12, 1: 0, 2: 0, 3: 0, 4: 0}",1
1191,False,"{'a': 0.5, 'e': 0.0025928438346023847}",20,15,10.591513340636915,"{0: 5, 1: 0, 2: 0, 3: 0, 4: 0}",1
1192,False,"{'a': 0.5, 'e': 0.00257991197202718}",25,14,18.661184805559255,"{0: 11, 1: 0, 2: 0, 3: 0, 4: 0}",1
1193,False,"{'a': 0.5, 'e': 0.0025670446073856466}",30,20,18.883325476256683,"{0: 10, 1: 0, 2: 0, 3: 0, 4: 0}",1
1194,False,"{'a': 0.5, 'e': 0.0025542414189929983}",25,10,21.66546726017647,"{0: 15, 1: 0, 2: 0, 3: 0, 4: 0}",1
1195,False,"{'a': 0.5, 'e': 0.002541502086768856}",25,13,20.02627940447889,"{0: 12, 1: 0, 2: 0, 3: 0, 4: 0}",1
1196,False,"{'a': 0.5, 'e': 0.0025288262922292556}",25,7,33.557462439165384,"{0: 18, 1: 0, 2: 0, 3: 0, 4: 0}",1
1197,False,"{'a': 0.5, 'e': 0.0025162137184786704}",25,16,15.020798734053562,"{0: 9, 1: 0, 2: 0, 3: 0, 4: 0}",1
1198,False,"{'a': 0.5, 'e': 0.0025036640502021}",20,11,15.215435892399666,"{0: 9, 1: 0, 2: 0, 3: 0, 4: 0}",1
1199,False,"{'a': 0.5, 'e': 0.002491176973657184}",30,16,26.779402266338508,"{0: 14, 1: 0, 2: 0, 3: 0, 4: 0}",1
1200,False,"{'a': 0.5, 'e': 0.0024787521766663585}",20,8,25.499991420819484,"{0: 12, 1: 0, 2: 0, 3: 0, 4: 0}",1
1201,False,"{'a': 0.5, 'e': 0.002466389348609051}",20,6,28.912756332316036,"{0: 14, 1: 0, 2: 0, 3: 0, 4: 0}",1
1202,False,"{'a': 0.5, 'e': 0.002454088180413917}",20,0,29.630509099502465,"{0: 20, 1: 0, 2: 0, 3: 0, 4: 0}",0
1203,False,"{'a': 0.5, 'e': 0.0024418483645511084}",20,6,28.421171226057943,"{0: 14, 1: 0, 2: 0, 3: 0, 4: 0}",1
1204,False,"{'a': 0.5, 'e': 0.0024296695950245953}",20,6,26.793259798852887,"{0: 14, 1: 0, 2: 0, 3: 0, 4: 0}",1
1205,False,"{'a': 0.5, 'e': 0.0024175515673645035}",30,21,18.45289007570522,"{0: 9, 1: 0, 2: 0, 3: 0, 4: 0}",1
1206,False,"{'a': 0.5, 'e': 0.0024054939786195095}",20,0,35.66783634869897,"{0: 20, 1: 0, 2: 0, 3: 0, 4: 0}",0
1207,False,"{'a': 0.5, 'e': 0.0023934965273492677}",30,19,18.318503456436456,"{0: 11, 1: 0, 2: 0, 3: 0, 4: 0}",1
1208,False,"{'a': 0.5, 'e': 0.0023815589136168707}",25,7,30.06508049868001,"{0: 18, 1: 0, 2: 0, 3: 0, 4: 0}",1
1209,False,"{'a': 0.5, 'e': 0.002369680838981354}",20,16,7.13139266086877,"{0: 4, 1: 0, 2: 0, 3: 0, 4: 0}",1
1210,False,"{'a': 0.5, 'e': 0.002357862006490233}",30,16,28.099162899921236,"{0: 14, 1: 0, 2: 0, 3: 0, 4: 0}",1
1211,False,"{'a': 0.5, 'e': 0.002346102120672079}",20,6,25.348432914236508,"{0: 14, 1: 0, 2: 0, 3: 0, 4: 0}",1
1212,False,"{'a': 0.5, 'e': 0.002334400887529133}",25,13,-18.639659219243953,"{0: 11, 1: 0, 2: 0, 3: 0, 4: 1}",1
1213,False,"{'a': 0.5, 'e': 0.002322758014529961}",20,9,16.29867578912247,"{0: 11, 1: 0, 2: 0, 3: 0, 4: 0}",1
1214,False,"{'a': 0.5, 'e': 0.002311173210602129}",30,20,19.296585414471533,"{0: 10, 1: 0, 2: 0, 3: 0, 4: 0}",1
1215,False,"{'a': 0.5, 'e': 0.002299646186124936}",20,12,16.577384963330168,"{0: 8, 1: 0, 2: 0, 3: 0, 4: 0}",1
1216,False,"{'a': 0.5, 'e': 0.0022881766529221693}",25,12,12.811047549198229,"{0: 12, 1: 0, 2: 1, 3: 0, 4: 0}",1
1217,False,"{'a': 0.5, 'e': 0.0022767643242549017}",25,7,29.333597723471105,"{0: 18, 1: 0, 2: 0, 3: 0, 4: 0}",1
1218,False,"{'a': 0.5, 'e': 0.002265408914814322}",25,14,19.8443906833578,"{0: 11, 1: 0, 2: 0, 3: 0, 4: 0}",1
1219,False,"{'a': 0.5, 'e': 0.002254110140714603}",20,6,23.934605537709377,"{0: 14, 1: 0, 2: 0, 3: 0, 4: 0}",1
1220,False,"{'a': 0.5, 'e': 0.002242867719485801}",20,14,13.10533611615751,"{0: 6, 1: 0, 2: 0, 3: 0, 4: 0}",1
1221,False,"{'a': 0.5, 'e': 0.002231681370066805}",30,18,21.660720878653322,"{0: 12, 1: 0, 2: 0, 3: 0, 4: 0}",1
1222,False,"{'a': 0.5, 'e': 0.002220550812798294}",25,14,17.72313435830956,"{0: 11, 1: 0, 2: 0, 3: 0, 4: 0}",1
1223,False,"{'a': 0.5, 'e': 0.002209475769415756}",20,4,29.735584778398263,"{0: 16, 1: 0, 2: 0, 3: 0, 4: 0}",1
1224,False,"{'a': 0.5, 'e': 0.0021984559630425313}",25,13,18.363338585228732,"{0: 12, 1: 0, 2: 0, 3: 0, 4: 0}",1
1225,False,"{'a': 0.5, 'e': 0.002187491118182885}",20,11,14.387843179728891,"{0: 9, 1: 0, 2: 0, 3: 0, 4: 0}",1
1226,False,"{'a': 0.5, 'e': 0.0021765809607151255}",20,6,26.74847795913545,"{0: 14, 1: 0, 2: 0, 3: 0, 4: 0}",1
1227,False,"{'a': 0.5, 'e': 0.0021657252178847474}",20,5,31.72867311083467,"{0: 15, 1: 0, 2: 0, 3: 0, 4: 0}",1
1228,False,"{'a': 0.5, 'e': 0.002154923618297613}",20,11,20.724507859037224,"{0: 9, 1: 0, 2: 0, 3: 0, 4: 0}",1
1229,False,"{'a': 0.5, 'e': 0.002144175891913174}",20,11,17.014166471724238,"{0: 9, 1: 0, 2: 0, 3: 0, 4: 0}",1
1230,False,"{'a': 0.5, 'e': 0.002133481770037708}",20,8,22.10001919903963,"{0: 12, 1: 0, 2: 0, 3: 0, 4: 0}",1
1231,False,"{'a': 0.5, 'e': 0.002122840985317612}",20,16,7.008828505184427,"{0: 4, 1: 0, 2: 0, 3: 0, 4: 0}",1
1232,False,"{'a': 0.5, 'e': 0.002112253271732714}",25,11,27.992367968975177,"{0: 14, 1: 0, 2: 0, 3: 0, 4: 0}",1
1233,False,"{'a': 0.5, 'e': 0.0021017183645896226}",25,0,38.904864686735564,"{0: 25, 1: 0, 2: 0, 3: 0, 4: 0}",0
1234,False,"{'a': 0.5, 'e': 0.0020912360005151103}",30,16,2.4555213609209146,"{0: 13, 1: 0, 2: 0, 3: 1, 4: 0}",1
1235,False,"{'a': 0.5, 'e': 0.0020808059174495293}",25,8,26.327555557210935,"{0: 17, 1: 0, 2: 0, 3: 0, 4: 0}",1
1236,False,"{'a': 0.5, 'e': 0.0020704278546402606}",20,11,17.769112528033375,"{0: 9, 1: 0, 2: 0, 3: 0, 4: 0}",1
1237,False,"{'a': 0.5, 'e': 0.0020601015526351906}",20,0,28.49430072561463,"{0: 20, 1: 0, 2: 0, 3: 0, 4: 0}",0
1238,False,"{'a': 0.5, 'e': 0.002049826753276235}",20,12,14.861576319617477,"{0: 8, 1: 0, 2: 0, 3: 0, 4: 0}",1
1239,False,"{'a': 0.5, 'e': 0.002039603199692874}",25,7,39.03780799438998,"{0: 18, 1: 0, 2: 0, 3: 0, 4: 0}",1
1240,False,"{'a': 0.5, 'e': 0.002029430636295734}",20,7,23.635180917555438,"{0: 13, 1: 0, 2: 0, 3: 0, 4: 0}",1
1241,False,"{'a': 0.5, 'e': 0.0020193088087702015}",25,10,29.260287652511895,"{0: 15, 1: 0, 2: 0, 3: 0, 4: 0}",1
1242,False,"{'a': 0.5, 'e': 0.0020092374640700602}",20,0,28.701608314344668,"{0: 20, 1: 0, 2: 0, 3: 0, 4: 0}",0
1243,False,"{'a': 0.5, 'e': 0.0019992163504111687}",30,22,13.978525550545118,"{0: 8, 1: 0, 2: 0, 3: 0, 4: 0}",1
1244,False,"{'a': 0.5, 'e': 0.0019892452172651635}",30,12,34.306571074505555,"{0: 18, 1: 0, 2: 0, 3: 0, 4: 0}",1
1245,False,"{'a': 0.5, 'e': 0.001979323815353195}",20,8,18.156203106247705,"{0: 12, 1: 0, 2: 0, 3: 0, 4: 0}",1
1246,False,"{'a': 0.5, 'e': 0.0019694518966397014}",25,16,19.86941852399389,"{0: 9, 1: 0, 2: 0, 3: 0, 4: 0}",1
1247,False,"{'a': 0.5, 'e': 0.0019596292143262}",25,7,32.66894221147955,"{0: 18, 1: 0, 2: 0, 3: 0, 4: 0}",1
1248,False,"{'a': 0.5, 'e': 0.0019498555228451206}",20,13,15.41128173309562,"{0: 7, 1: 0, 2: 0, 3: 0, 4: 0}",1
1249,False,"{'a': 0.5, 'e': 0.0019401305778536675}",20,15,11.282209374732185,"{0: 5, 1: 0, 2: 0, 3: 0, 4: 0}",1
1250,False,"{'a': 0.5, 'e': 0.0019304541362277093}",20,7,20.922668718208545,"{0: 13, 1: 0, 2: 0, 3: 0, 4: 0}",1
1251,False,"{'a': 0.5, 'e': 0.0019208259560557013}",30,6,40.881503617668116,"{0: 24, 1: 0, 2: 0, 3: 0, 4: 0}",1
1252,False,"{'a': 0.5, 'e': 0.0019112457966326377}",30,20,19.776397995034433,"{0: 10, 1: 0, 2: 0, 3: 0, 4: 0}",1
1253,False,"{'a': 0.5, 'e': 0.0019017134184540325}",25,11,27.018921107059974,"{0: 14, 1: 0, 2: 0, 3: 0, 4: 0}",1
1254,False,"{'a': 0.5, 'e': 0.001892228583209938}",35,17,35.82447313902697,"{0: 18, 1: 0, 2: 0, 3: 0, 4: 0}",1
1255,False,"{'a': 0.5, 'e': 0.0018827910537789773}",25,15,16.057832174408556,"{0: 10, 1: 0, 2: 0, 3: 0, 4: 0}",1
1256,False,"{'a': 0.5, 'e': 0.0018734005942224233}",25,4,34.94009285293136,"{0: 21, 1: 0, 2: 0, 3: 0, 4: 0}",1
1257,False,"{'a': 0.5, 'e': 0.0018640569697782978}",25,14,20.677086659353627,"{0: 11, 1: 0, 2: 0, 3: 0, 4: 0}",1
1258,False,"{'a': 0.5, 'e': 0.0018547599468555032}",25,15,19.673062680070103,"{0: 10, 1: 0, 2: 0, 3: 0, 4: 0}",1
1259,False,"{'a': 0.5, 'e': 0.0018455092930279823}",35,23,19.7456312806763,"{0: 12, 1: 0, 2: 0, 3: 0, 4: 0}",1
1260,False,"{'a': 0.5, 'e': 0.0018363047770289071}",20,3,27.711122364781474,"{0: 17, 1: 0, 2: 0, 3: 0, 4: 0}",1
1261,False,"{'a': 0.5, 'e': 0.001827146168744899}",20,10,18.764367895892537,"{0: 10, 1: 0, 2: 0, 3: 0, 4: 0}",1
1262,False,"{'a': 0.5, 'e': 0.0018180332392102713}",20,14,12.50400071562365,"{0: 6, 1: 0, 2: 0, 3: 0, 4: 0}",1
1263,False,"{'a': 0.5, 'e': 0.0018089657606013153}",20,0,36.389745476585766,"{0: 20, 1: 0, 2: 0, 3: 0, 4: 0}",0
1264,False,"{'a': 0.5, 'e': 0.0017999435062305911}",20,15,9.842011673456565,"{0: 5, 1: 0, 2: 0, 3: 0, 4: 0}",1
1265,False,"{'a': 0.5, 'e': 0.0017909662505412698}",20,0,28.8992274100009,"{0: 20, 1: 0, 2: 0, 3: 0, 4: 0}",0
1266,False,"{'a': 0.5, 'e': 0.0017820337691014916}",20,6,29.231346075746625,"{0: 14, 1: 0, 2: 0, 3: 0, 4: 0}",1
1267,False,"{'a': 0.5, 'e': 0.0017731458385987554}",25,12,23.20151960392865,"{0: 13, 1: 0, 2: 0, 3: 0, 4: 0}",1
1268,False,"{'a': 0.5, 'e': 0.0017643022368343355}",25,13,22.961052650799072,"{0: 12, 1: 0, 2: 0, 3: 0, 4: 0}",1
1269,False,"{'a': 0.5, 'e': 0.0017555027427177273}",25,0,40.29250893798898,"{0: 25, 1: 0, 2: 0, 3: 0, 4: 0}",0
1270,False,"{'a': 0.5, 'e': 0.0017467471362611182}",20,10,19.996461080492843,"{0: 10, 1: 0, 2: 0, 3: 0, 4: 0}",1
1271,False,"{'a': 0.5, 'e': 0.0017380351985738934}",25,17,14.496718020110285,"{0: 8, 1: 0, 2: 0, 3: 0, 4: 0}",1
1272,False,"{'a': 0.5, 'e': 0.0017293667118571557}",25,9,23.803110296985572,"{0: 16, 1: 0, 2: 0, 3: 0, 4: 0}",1
1273,False,"{'a': 0.5, 'e': 0.0017207414593982857}",25,9,26.525367893680336,"{0: 16, 1: 0, 2: 0, 3: 0, 4: 0}",1
1274,False,"{'a': 0.5, 'e': 0.0017121592255655228}",25,7,31.836166099456964,"{0: 18, 1: 0, 2: 0, 3: 0, 4: 0}",1
1275,False,"{'a': 0.5, 'e': 0.001703619795802574}",25,18,14.8840678257281,"{0: 7, 1: 0, 2: 0, 3: 0, 4: 0}",1
1276,False,"{'a': 0.5, 'e': 0.0016951229566232505}",25,14,18.38791982634572,"{0: 11, 1: 0, 2: 0, 3: 0, 4: 0}",1
1277,False,"{'a': 0.5, 'e': 0.0016866684956061305}",35,18,33.42877857463913,"{0: 17, 1: 0, 2: 0, 3: 0, 4: 0}",1
1278,False,"{'a': 0.5, 'e': 0.0016782562013892464}",30,18,1.5342488235041247,"{0: 11, 1: 0, 2: 0, 3: 1, 4: 0}",1
1279,False,"{'a': 0.5, 'e': 0.0016698858636648077}",20,13,12.412187970408954,"{0: 7, 1: 0, 2: 0, 3: 0, 4: 0}",1
1280,False,"{'a': 0.5, 'e': 0.001661557273173934}",30,21,18.115522681588537,"{0: 9, 1: 0, 2: 0, 3: 0, 4: 0}",1
1281,False,"{'a': 0.5, 'e': 0.001653270221701429}",20,14,11.84200659399983,"{0: 6, 1: 0, 2: 0, 3: 0, 4: 0}",1
1282,False,"{'a': 0.5, 'e': 0.0016450245020705747}",25,9,29.847841332474804,"{0: 16, 1: 0, 2: 0, 3: 0, 4: 0}",1
1283,False,"{'a': 0.5, 'e': 0.0016368199081379503}",25,8,34.326857469655955,"{0: 17, 1: 0, 2: 0, 3: 0, 4: 0}",1
1284,False,"{'a': 0.5, 'e': 0.0016286562347882806}",20,14,13.103723466536596,"{0: 6, 1: 0, 2: 0, 3: 0, 4: 0}",1
1285,False,"{'a': 0.5, 'e': 0.0016205332779293067}",25,10,31.821682461807004,"{0: 15, 1: 0, 2: 0, 3: 0, 4: 0}",1
1286,False,"{'a': 0.5, 'e': 0.0016124508344866836}",20,16,8.122742579994185,"{0: 4, 1: 0, 2: 0, 3: 0, 4: 0}",1
1287,False,"{'a': 0.5, 'e': 0.0016044087023989032}",20,12,15.038622329228222,"{0: 8, 1: 0, 2: 0, 3: 0, 4: 0}",1
1288,False,"{'a': 0.5, 'e': 0.0015964066806122474}",20,8,19.043864978042752,"{0: 12, 1: 0, 2: 0, 3: 0, 4: 0}",1
1289,False,"{'a': 0.5, 'e': 0.001588444569075753}",20,8,23.337860645178182,"{0: 12, 1: 0, 2: 0, 3: 0, 4: 0}",1
1290,False,"{'a': 0.5, 'e': 0.001580522168736217}",30,10,33.78344744342562,"{0: 20, 1: 0, 2: 0, 3: 0, 4: 0}",1
1291,False,"{'a': 0.5, 'e': 0.0015726392815332184}",25,11,12.83702833959523,"{0: 13, 1: 0, 2: 1, 3: 0, 4: 0}",1
1292,False,"{'a': 0.5, 'e': 0.0015647957103941666}",35,23,21.063344907962573,"{0: 12, 1: 0, 2: 0, 3: 0, 4: 0}",1
1293,False,"{'a': 0.5, 'e': 0.0015569912592293745}",20,12,15.521264653415205,"{0: 8, 1: 0, 2: 0, 3: 0, 4: 0}",1
1294,False,"{'a': 0.5, 'e': 0.0015492257329271562}",20,6,28.103818065429966,"{0: 14, 1: 0, 2: 0, 3: 0, 4: 0}",1
1295,False,"{'a': 0.5, 'e': 0.001541498937348949}",25,17,14.544963636661908,"{0: 8, 1: 0, 2: 0, 3: 0, 4: 0}",1
1296,False,"{'a': 0.5, 'e': 0.001533810679324463}",25,9,30.995035602831486,"{0: 16, 1: 0, 2: 0, 3: 0, 4: 0}",1
1297,False,"{'a': 0.5, 'e': 0.0015261607666468464}",25,7,31.466466926197313,"{0: 18, 1: 0, 2: 0, 3: 0, 4: 0}",1
1298,False,"{'a': 0.5, 'e': 0.0015185490080678835}",25,10,30.514969668436155,"{0: 15, 1: 0, 2: 0, 3: 0, 4: 0}",1
1299,False,"{'a': 0.5, 'e': 0.0015109752132932135}",35,13,40.81076018490597,"{0: 22, 1: 0, 2: 0, 3: 0, 4: 0}",1
1300,False,"{'a': 0.5, 'e': 0.0015034391929775724}",25,17,14.01541356011737,"{0: 8, 1: 0, 2: 0, 3: 0, 4: 0}",1
1301,False,"{'a': 0.5, 'e': 0.0014959407587200602}",20,12,11.885542024083561,"{0: 8, 1: 0, 2: 0, 3: 0, 4: 0}",1
1302,False,"{'a': 0.5, 'e': 0.0014884797230594294}",20,13,13.574388233362257,"{0: 7, 1: 0, 2: 0, 3: 0, 4: 0}",1
1303,False,"{'a': 0.5, 'e': 0.0014810558994693987}",20,7,23.6969259879251,"{0: 13, 1: 0, 2: 0, 3: 0, 4: 0}",1
1304,False,"{'a': 0.5, 'e': 0.0014736691023539948}",20,16,8.571469922331335,"{0: 4, 1: 0, 2: 0, 3: 0, 4: 0}",1
1305,False,"{'a': 0.5, 'e': 0.001466319147042903}",25,17,15.508553368646085,"{0: 8, 1: 0, 2: 0, 3: 0, 4: 0}",1
1306,False,"{'a': 0.5, 'e': 0.0014590058497868585}",20,7,26.358051086921982,"{0: 13, 1: 0, 2: 0, 3: 0, 4: 0}",1
1307,False,"{'a': 0.5, 'e': 0.0014517290277530485}",25,12,22.494895091503462,"{0: 13, 1: 0, 2: 0, 3: 0, 4: 0}",1
1308,False,"{'a': 0.5, 'e': 0.0014444884990205433}",25,18,11.440997243695616,"{0: 7, 1: 0, 2: 0, 3: 0, 4: 0}",1
1309,False,"{'a': 0.5, 'e': 0.0014372840825757473}",25,12,26.22120892870539,"{0: 13, 1: 0, 2: 0, 3: 0, 4: 0}",1
1310,False,"{'a': 0.5, 'e': 0.0014301155983078744}",30,20,23.511871194474818,"{0: 10, 1: 0, 2: 0, 3: 0, 4: 0}",1
1311,False,"{'a': 0.5, 'e': 0.0014229828670044445}",20,13,14.64972593833133,"{0: 7, 1: 0, 2: 0, 3: 0, 4: 0}",1
1312,False,"{'a': 0.5, 'e': 0.0014158857103468022}",25,15,17.62368140007611,"{0: 10, 1: 0, 2: 0, 3: 0, 4: 0}",1
1313,False,"{'a': 0.5, 'e': 0.0014088239509056637}",30,8,34.202444542840745,"{0: 22, 1: 0, 2: 0, 3: 0, 4: 0}",1
1314,False,"{'a': 0.5, 'e': 0.0014017974121366744}",20,6,27.58269052224964,"{0: 14, 1: 0, 2: 0, 3: 0, 4: 0}",1
1315,False,"{'a': 0.5, 'e': 0.0013948059183759988}",20,8,23.44364660291864,"{0: 12, 1: 0, 2: 0, 3: 0, 4: 0}",1
1316,False,"{'a': 0.5, 'e': 0.001387849294835929}",25,12,26.22328654260355,"{0: 13, 1: 0, 2: 0, 3: 0, 4: 0}",1
1317,False,"{'a': 0.5, 'e': 0.0013809273676005135}",25,15,20.41862457981391,"{0: 10, 1: 0, 2: 0, 3: 0, 4: 0}",1
1318,False,"{'a': 0.5, 'e': 0.0013740399636212118}",30,2,45.322295806630784,"{0: 28, 1: 0, 2: 0, 3: 0, 4: 0}",1
1319,False,"{'a': 0.5, 'e': 0.001367186910712565}",20,3,30.73042287127514,"{0: 17, 1: 0, 2: 0, 3: 0, 4: 0}",1
1320,False,"{'a': 0.5, 'e': 0.0013603680375478928}",25,0,35.642155384367065,"{0: 25, 1: 0, 2: 0, 3: 0, 4: 0}",0
1321,False,"{'a': 0.5, 'e': 0.001353583173655013}",20,12,14.371966902741999,"{0: 8, 1: 0, 2: 0, 3: 0, 4: 0}",1
1322,False,"{'a': 0.5, 'e': 0.0013468321494119735}",20,6,23.484308509539733,"{0: 14, 1: 0, 2: 0, 3: 0, 4: 0}",1
1323,False,"{'a': 0.5, 'e': 0.001340114796042817}",30,16,26.161097177378757,"{0: 14, 1: 0, 2: 0, 3: 0, 4: 0}",1
1324,False,"{'a': 0.5, 'e': 0.0013334309456133593}",30,15,26.914202673917483,"{0: 15, 1: 0, 2: 0, 3: 0, 4: 0}",1
1325,False,"{'a': 0.5, 'e': 0.0013267804310269915}",20,10,17.735771176572886,"{0: 10, 1: 0, 2: 0, 3: 0, 4: 0}",1
1326,False,"{'a': 0.5, 'e': 0.0013201630860205026}",35,19,27.869922669148455,"{0: 16, 1: 0, 2: 0, 3: 0, 4: 0}",1
1327,False,"{'a': 0.5, 'e': 0.0013135787451599226}",20,6,23.22212061949618,"{0: 14, 1: 0, 2: 0, 3: 0, 4: 0}",1
1328,False,"{'a': 0.5, 'e': 0.0013070272438363863}",20,10,21.326686295010735,"{0: 10, 1: 0, 2: 0, 3: 0, 4: 0}",1
1329,False,"{'a': 0.5, 'e': 0.0013005084182620215}",20,3,27.948454563027955,"{0: 17, 1: 0, 2: 0, 3: 0, 4: 0}",1
1330,False,"{'a': 0.5, 'e': 0.001294022105465848}",20,0,28.842517833243654,"{0: 20, 1: 0, 2: 0, 3: 0, 4: 0}",0
1331,False,"{'a': 0.5, 'e': 0.001287568143289708}",35,8,44.42762027686927,"{0: 27, 1: 0, 2: 0, 3: 0, 4: 0}",1
1332,False,"{'a': 0.5, 'e': 0.0012811463703842113}",25,15,15.548315924468055,"{0: 10, 1: 0, 2: 0, 3: 0, 4: 0}",1
1333,False,"{'a': 0.5, 'e': 0.0012747566262047007}",30,14,29.950072593516058,"{0: 16, 1: 0, 2: 0, 3: 0, 4: 0}",1
1334,False,"{'a': 0.5, 'e': 0.0012683987510072388}",25,19,11.469146208567832,"{0: 6, 1: 0, 2: 0, 3: 0, 4: 0}",1
1335,False,"{'a': 0.5, 'e': 0.0012620725858446145}",25,14,20.626002359247675,"{0: 11, 1: 0, 2: 0, 3: 0, 4: 0}",1
1336,False,"{'a': 0.5, 'e': 0.0012557779725623694}",20,15,9.365982615657774,"{0: 5, 1: 0, 2: 0, 3: 0, 4: 0}",1
1337,False,"{'a': 0.5, 'e': 0.0012495147537948425}",30,13,28.40127404949765,"{0: 17, 1: 0, 2: 0, 3: 0, 4: 0}",1
1338,False,"{'a': 0.5, 'e': 0.0012432827729612404}",25,11,26.242747804891238,"{0: 14, 1: 0, 2: 0, 3: 0, 4: 0}",1
1339,False,"{'a': 0.5, 'e': 0.0012370818742617167}",20,14,12.784476871631835,"{0: 6, 1: 0, 2: 0, 3: 0, 4: 0}",1
1340,False,"{'a': 0.5, 'e': 0.001230911902673481}",20,4,29.257859308348646,"{0: 16, 1: 0, 2: 0, 3: 0, 4: 0}",1
1341,False,"{'a': 0.5, 'e': 0.001224772703946922}",25,12,25.242445552631548,"{0: 13, 1: 0, 2: 0, 3: 0, 4: 0}",1
1342,False,"{'a': 0.5, 'e': 0.0012186641246017523}",20,15,10.011038483415522,"{0: 5, 1: 0, 2: 0, 3: 0, 4: 0}",1
1343,False,"{'a': 0.5, 'e': 0.0012125860119231696}",25,15,17.343375668671438,"{0: 10, 1: 0, 2: 0, 3: 0, 4: 0}",1
1344,False,"{'a': 0.5, 'e': 0.0012065382139580404}",25,3,46.76011065408753,"{0: 22, 1: 0, 2: 0, 3: 0, 4: 0}",1
1345,False,"{'a': 0.5, 'e': 0.0012005205795111}",25,8,23.87279095685017,"{0: 17, 1: 0, 2: 0, 3: 0, 4: 0}",1
1346,False,"{'a': 0.5, 'e': 0.0011945329581411752}",20,12,16.913946607768683,"{0: 8, 1: 0, 2: 0, 3: 0, 4: 0}",1
1347,False,"{'a': 0.5, 'e': 0.0011885752001574196}",20,7,26.18840920450143,"{0: 13, 1: 0, 2: 0, 3: 0, 4: 0}",1
1348,False,"{'a': 0.5, 'e': 0.0011826471566155727}",25,15,17.05006080741284,"{0: 10, 1: 0, 2: 0, 3: 0, 4: 0}",1
1349,False,"{'a': 0.5, 'e': 0.0011767486793142377}",20,3,25.382003164690865,"{0: 17, 1: 0, 2: 0, 3: 0, 4: 0}",1
1350,False,"{'a': 0.5, 'e': 0.0011708796207911744}",25,20,8.937003359877197,"{0: 5, 1: 0, 2: 0, 3: 0, 4: 0}",1
1351,False,"{'a': 0.5, 'e': 0.0011650398343196144}",20,8,25.315927768419805,"{0: 12, 1: 0, 2: 0, 3: 0, 4: 0}",1
1352,False,"{'a': 0.5, 'e': 0.0011592291739045914}",20,12,15.78974818547155,"{0: 8, 1: 0, 2: 0, 3: 0, 4: 0}",1
1353,False,"{'a': 0.5, 'e': 0.0011534474942792917}",20,16,9.5638506934559,"{0: 4, 1: 0, 2: 0, 3: 0, 4: 0}",1
1354,False,"{'a': 0.5, 'e': 0.0011476946509014253}",20,2,31.233943637752716,"{0: 18, 1: 0, 2: 0, 3: 0, 4: 0}",1
1355,False,"{'a': 0.5, 'e': 0.0011419704999496075}",25,15,20.00750714310252,"{0: 10, 1: 0, 2: 0, 3: 0, 4: 0}",1
1356,False,"{'a': 0.5, 'e': 0.0011362748983197658}",20,15,10.585899748281484,"{0: 5, 1: 0, 2: 0, 3: 0, 4: 0}",1
1357,False,"{'a': 0.5, 'e': 0.0011306077036215634}",20,8,22.386303389032463,"{0: 12, 1: 0, 2: 0, 3: 0, 4: 0}",1
1358,False,"{'a': 0.5, 'e': 0.0011249687741748374}",30,24,12.142501096578592,"{0: 6, 1: 0, 2: 0, 3: 0, 4: 0}",1
1359,False,"{'a': 0.5, 'e': 0.0011193579690060578}",25,9,27.72341173084751,"{0: 16, 1: 0, 2: 0, 3: 0, 4: 0}",1
1360,False,"{'a': 0.5, 'e': 0.0011137751478448032}",30,12,29.33965453067492,"{0: 18, 1: 0, 2: 0, 3: 0, 4: 0}",1
1361,False,"{'a': 0.5, 'e': 0.001108220171120254}",20,8,23.42752133833533,"{0: 12, 1: 0, 2: 0, 3: 0, 4: 0}",1
1362,False,"{'a': 0.5, 'e': 0.0011026928999577018}",20,5,25.27062477076992,"{0: 15, 1: 0, 2: 0, 3: 0, 4: 0}",1
1363,False,"{'a': 0.5, 'e': 0.0010971931961750814}",20,14,10.24823107385246,"{0: 6, 1: 0, 2: 0, 3: 0, 4: 0}",1
1364,False,"{'a': 0.5, 'e': 0.0010917209222795108}",20,11,19.453526112860935,"{0: 9, 1: 0, 2: 0, 3: 0, 4: 0}",1
1365,False,"{'a': 0.5, 'e': 0.0010862759414638579}",25,14,20.38517161135178,"{0: 11, 1: 0, 2: 0, 3: 0, 4: 0}",1
1366,False,"{'a': 0.5, 'e': 0.0010808581176033184}",20,11,13.617989235109018,"{0: 9, 1: 0, 2: 0, 3: 0, 4: 0}",1
1367,False,"{'a': 0.5, 'e': 0.0010754673152520138}",30,15,27.860890879083193,"{0: 15, 1: 0, 2: 0, 3: 0, 4: 0}",1
1368,False,"{'a': 0.5, 'e': 0.0010701033996396044}",25,14,22.165667004762184,"{0: 11, 1: 0, 2: 0, 3: 0, 4: 0}",1
1369,False,"{'a': 0.5, 'e': 0.0010647662366679205}",25,20,9.739424026244683,"{0: 5, 1: 0, 2: 0, 3: 0, 4: 0}",1
1370,False,"{'a': 0.5, 'e': 0.001059455692907609}",30,20,18.377015811315392,"{0: 10, 1: 0, 2: 0, 3: 0, 4: 0}",1
1371,False,"{'a': 0.5, 'e': 0.0010541716355948014}",25,4,31.607733350108337,"{0: 21, 1: 0, 2: 0, 3: 0, 4: 0}",1
1372,False,"{'a': 0.5, 'e': 0.0010489139326277882}",20,11,17.438412883347908,"{0: 9, 1: 0, 2: 0, 3: 0, 4: 0}",1
1373,False,"{'a': 0.5, 'e': 0.001043682452563722}",20,5,23.776651341694176,"{0: 15, 1: 0, 2: 0, 3: 0, 4: 0}",1
1374,False,"{'a': 0.5, 'e': 0.0010384770646153282}",25,15,18.610829066089636,"{0: 10, 1: 0, 2: 0, 3: 0, 4: 0}",1
1375,False,"{'a': 0.5, 'e': 0.001033297638647637}",35,18,33.51986172906144,"{0: 17, 1: 0, 2: 0, 3: 0, 4: 0}",1
1376,False,"{'a': 0.5, 'e': 0.0010281440451747298}",30,14,28.60878339628699,"{0: 16, 1: 0, 2: 0, 3: 0, 4: 0}",1
1377,False,"{'a': 0.5, 'e': 0.0010230161553565012}",30,13,28.791912460748936,"{0: 17, 1: 0, 2: 0, 3: 0, 4: 0}",1
1378,False,"{'a': 0.5, 'e': 0.0010179138409954376}",25,11,26.97609978565725,"{0: 14, 1: 0, 2: 0, 3: 0, 4: 0}",1
1379,False,"{'a': 0.5, 'e': 0.0010128369745334165}",20,0,31.81603816149931,"{0: 20, 1: 0, 2: 0, 3: 0, 4: 0}",0
1380,False,"{'a': 0.5, 'e': 0.0010077854290485105}",25,8,30.957252727208296,"{0: 17, 1: 0, 2: 0, 3: 0, 4: 0}",1
1381,False,"{'a': 0.5, 'e': 0.0010027590782518195}",30,18,26.969017049182245,"{0: 12, 1: 0, 2: 0, 3: 0, 4: 0}",1
1382,False,"{'a': 0.5, 'e': 0.000997757796484312}",20,8,21.132048880911842,"{0: 12, 1: 0, 2: 0, 3: 0, 4: 0}",1
1,True,"{'a': 0, 'e': 0}",30,13,28.69503797956538,"{0: 17, 1: 0, 2: 0, 3: 0, 4: 0}",1
2,True,"{'a': 0, 'e': 0}",25,7,29.663697531513282,"{0: 18, 1: 0, 2: 0, 3: 0, 4: 0}",1
3,True,"{'a': 0, 'e': 0}",20,3,25.347894236846845,"{0: 17, 1: 0, 2: 0, 3: 0, 4: 0}",1
4,True,"{'a': 0, 'e': 0}",30,21,16.760277622690605,"{0: 9, 1: 0, 2: 0, 3: 0, 4: 0}",1
5,True,"{'a': 0, 'e': 0}",25,17,14.558995685924733,"{0: 8, 1: 0, 2: 0, 3: 0, 4: 0}",1
6,True,"{'a': 0, 'e': 0}",25,20,10.47919400247905,"{0: 5, 1: 0, 2: 0, 3: 0, 4: 0}",1
7,True,"{'a': 0, 'e': 0}",30,21,16.144704578909902,"{0: 9, 1: 0, 2: 0, 3: 0, 4: 0}",1
8,True,"{'a': 0, 'e': 0}",25,13,24.026648559631155,"{0: 12, 1: 0, 2: 0, 3: 0, 4: 0}",1
9,True,"{'a': 0, 'e': 0}",20,1,33.57523567880339,"{0: 19, 1: 0, 2: 0, 3: 0, 4: 0}",1
10,True,"{'a': 0, 'e': 0}",20,10,18.707152855877666,"{0: 10, 1: 0, 2: 0, 3: 0, 4: 0}",1
11,True,"{'a': 0, 'e': 0}",20,3,28.402601278281015,"{0: 17, 1: 0, 2: 0, 3: 0, 4: 0}",1
12,True,"{'a': 0, 'e': 0}",20,15,8.79740807829138,"{0: 5, 1: 0, 2: 0, 3: 0, 4: 0}",1
13,True,"{'a': 0, 'e': 0}",20,6,24.020285083569355,"{0: 14, 1: 0, 2: 0, 3: 0, 4: 0}",1
14,True,"{'a': 0, 'e': 0}",25,10,25.038398793975073,"{0: 15, 1: 0, 2: 0, 3: 0, 4: 0}",1
15,True,"{'a': 0, 'e': 0}",30,14,26.130382274116883,"{0: 16, 1: 0, 2: 0, 3: 0, 4: 0}",1
16,True,"{'a': 0, 'e': 0}",25,2,36.173494104297724,"{0: 23, 1: 0, 2: 0, 3: 0, 4: 0}",1
17,True,"{'a': 0, 'e': 0}",20,16,7.587743750864185,"{0: 4, 1: 0, 2: 0, 3: 0, 4: 0}",1
18,True,"{'a': 0, 'e': 0}",20,10,17.635676134921592,"{0: 10, 1: 0, 2: 0, 3: 0, 4: 0}",1
19,True,"{'a': 0, 'e': 0}",25,15,18.115915876311053,"{0: 10, 1: 0, 2: 0, 3: 0, 4: 0}",1
20,True,"{'a': 0, 'e': 0}",25,19,11.162344977015229,"{0: 6, 1: 0, 2: 0, 3: 0, 4: 0}",1
